  -2.9286450914748761E-002  0.49154872470481864     
  -5.3550291531992325E-002  0.48780020429757920     
  -7.2878736020606794E-002  0.48269869277613670     
  -8.7384969726158584E-002  0.47658174489530558     
  -9.7206720279007411E-002  0.46977727447577505     
 -0.10250487958131065       0.46260193290508334     
 -0.10346213319843371       0.45535958358119299     
 -0.10028155970044438       0.44833987440216189     
  -9.3185170325415997E-002  0.44181691247938276     
  -8.2412367961523819E-002  0.43604804672207609     
  -6.8218313027241073E-002  0.43127276481016918     
  -5.0872191713893490E-002  0.42771171139019665     
  -3.0655388789255472E-002  0.42556583417494875     
  -7.8595724943160347E-003  0.42501566410034664     
   1.7215297061928772E-002  0.42622073489468165     
   4.4263022086797991E-002  0.42931914644075753     
   7.2973268545477588E-002  0.43442727523894098     
  0.10303369893604838       0.44163963416446439     
  0.13413212030903135       0.45102888258609658     
  0.16595863136166314       0.46264598678141300     
  0.19820775213899977       0.47652052943114298     
  0.23058051914210015       0.49266116577108998     
  0.26278652737094943       0.51105622268705642     
  0.29454589903102896       0.53167443561922845     
  0.32559115644305908       0.55446581657024263     
  0.35566897435858935       0.57936264477534394     
  0.38454178472567341       0.60628056970614108     
  0.41198920534293121       0.63511981408014628     
  0.43780926316801538       0.66576646250190741     
  0.46181938365202085       0.69809381935754888     
  0.48385711961932665       0.73196381773090180     
  0.50378059705144129       0.76722845952450269     
  0.52146866067057951       0.80373126577144327     
  0.53682070930732972       0.84130871542295638     
  0.54975621938117802       0.87979165077963883     
  0.56021396399883827       0.91900662825955748     
  0.56815094466639071       0.95877719438620479     
  0.57354106185343123       0.99892506871594500     
  0.57637355908177845        1.0392712178516694     
  0.57665128233443141        1.0796368076150795     
  0.57438880198905640        1.1198440237543135     
  0.56961044790389148        1.1597167551075858     
  0.56234830960328164        1.1990811367798155     
  0.55264025275927486        1.2377659544729647     
  0.54052800051994143        1.2756029145093606     
  0.52605532398561250        1.3124267871883535     
  0.50926638065557583        1.3480754338342438     
  0.49020423338084401        1.3823897301709029     
  0.46890957569453812        1.4152134004695207     
  0.44541968275934651        1.4463927782626749     
  0.41976760093303744        1.4757765103279874     
  0.39198158340450306        1.5032152211663026     
  0.36208477471565159        1.5285611553963983     
  0.33009514340227486        1.5516678154345576     
  0.29602565952842652        1.5723896116015474     
  0.25988471255375212        1.5905815414803102     
  0.22167676470049158        1.6060989150093445     
  0.18140323566171246        1.6187971415056643     
  0.13906361595140090        1.6285315946222625     
   9.4656808230500364E-002   1.6351575711983974     
   4.8182698292381906E-002   1.6385303600788641     
  -3.5604025688855748E-004   1.6385054372608818     
  -5.0951901612461242E-002   1.6349388041480095     
 -0.10359025652544754        1.6276874861912283     
 -0.15824680728570145        1.6166102096812291     
 -0.21488478429686420        1.6015682747804487     
 -0.27345188468375792        1.5824266428525857     
 -0.33387696210906337        1.5590552555049513     
 -0.39606649030474556        1.5313306011836192     
 -0.45990084167877865        1.4991375422661046     
 -0.52523044756868420        1.4623714109362966     
 -0.59187193883679357        1.4209403752177210     
 -0.65960440458804859        1.3747680668965576     
 -0.72816595208211998        1.3237964502508093     
 -0.79725080048856078        1.2679888942166100     
 -0.86650719154654310        1.2073333908083519     
 -0.93553644614425602        1.1418458395782540     
  -1.0038935300360983        1.0715732924757271     
  -1.0710895052368725       0.99659702710914599     
  -1.1365962257220721       0.91703529130860095     
  -1.1998535765840994       0.83304554094771399     
  -1.2602794463111155       0.74482597970593589     
  -1.3172824582883256       0.65261620762575312     
  -1.3702772729227961       0.55669679852115739     
  -1.4187020182520711       0.45738765724351238     
  -1.4620371372746599       0.35504505763428618     
  -1.4998246868958993       0.25005732955157323     
  -1.5316869248151430       0.14283924481451321     
  -1.5573429154947156        3.3825240729883105E-002
  -1.5766219054835824       -7.6538292653967679E-002
  -1.5894723772427002      -0.18780135906095669     
  -1.5959659833920137      -0.29951897789839765     
  -1.5962959611967682      -0.41125969518217143     
  -1.5907700819266870      -0.52261360091703957     
  -1.5797986420997780      -0.63319950586402407     
  -1.5638783942385550      -0.74267099346072296     
  -1.5435735955550303      -0.85072114514957509     
  -1.5194954955359858      -0.95708582983709412     
  -1.4922815825954150       -1.0615455406187733     
  -1.4625757823379149       -1.1639258453824273     
  -1.4310105779343794       -1.2640965858378339     
  -1.3981917468992826       -1.3619700081207837     
  -1.3646861182766417       -1.4574980364001486     
  -1.3310124835785788       -1.5506689102506492     
  -1.2976355674315994       -1.6415033999708613     
  -1.2649627924455824       -1.7300507954420521     
  -1.2333434601760396       -1.8163848376543750     
  -1.2030699116201358       -1.9005997314677845     
  -1.1743802172717575       -1.9828063466768076     
  -1.1474619671340487       -2.0631286843761911     
  -1.1224567740093894       -2.1417006585568483     
  -1.0994651589216096       -2.2186632196813609     
  -1.0785515477196834       -2.2941618280217386     
  -1.0597491669717927       -2.3683442697097643     
  -1.0430646813956417       -2.4413587974074593     
  -1.0284824621723043       -2.5133525697595207     
  -1.0159684147239445       -2.5844703587901967     
  -1.0054733259661621       -2.6548534916078279     
 -0.99693571531040293       -2.7246389916795559     
 -0.99028419174274851       -2.7939588851015484     
 -0.98543933222373581       -2.8629396383572101     
 -0.98231510552615087       -2.9317016957440405     
 -0.98081987147042993       -3.0003590867469705     
 -0.98085698923692233       -3.0690190759935549     
 -0.98232507081160580       -3.1377818309503676     
 -0.98511791731049470       -3.2067400851621022     
 -0.98912417745983472       -3.2759787775842906     
 -0.99422676930200371       -3.3455746514354310     
  -1.0003021085599966       -3.4155957990346306     
  -1.0072191902288865       -3.4861011423506527     
  -1.0148385739630104       -3.5571398425280636     
  -1.0230113286666687       -3.6287506355347303     
  -1.0315779972169301       -3.7009610953399155     
  -1.0403676481475941       -3.7737868307102471     
  -1.0491970869434157       -3.8472306267962861     
  -1.0578703047082234       -3.9212815481258616     
  -1.0661782455941067       -3.9959140253174490     
  -1.0738989755883364       -4.0710869536086323     
  -1.0807983330366744       -4.1467428369211996     
  -1.0866311346093869       -4.2228070163438565     
  -1.0911429983584637       -4.2991870262289487     
  -1.0940728273742084       -4.3757721241451435     
  -1.0951559730222267       -4.4524330422566996     
  -1.0941280660775503       -4.5290220068821281     
  -1.0907294682132047       -4.6053730696570527     
  -1.0847102569642448       -4.6813027876445501     
  -1.0758356169664227       -4.7566112808321996     
  -1.0638914721073340       -4.8310836838797133     
  -1.0486901607815242       -4.9044919951344204     
  -1.0300759333056961       -4.9765973104658192     
  -1.0079300399114881       -5.0471524132596235     
 -0.98217518189039354       -5.1159046759919509     
 -0.95277911841028295       -5.1825992142806703     
 -0.91975725665936059       -5.2469822222468254     
 -0.88317410104406047       -5.3088044093199098     
 -0.84314349442632441       -5.3678244539297522     
 -0.79982764600534928       -5.4238123891501262     
 -0.75343500110537309       -5.4765528392275025     
 -0.70421706267240058       -5.5258480336145706     
 -0.65246431836672825       -5.5715205359002411     
 -0.59850145773406127       -5.6134156379416256     
 -0.54268207961589998       -5.6514033835147384     
 -0.48538309093505833       -5.6853801998801927     
 -0.42699898594079272       -5.7152701288960479     
 -0.36793617269785328       -5.7410256609848975     
 -0.30860748447759023       -5.7626281848983290     
 -0.24942698135208372       -5.7800880735929745     
 -0.19080511505194961       -5.7934444316466109     
 -0.13314430080628059       -5.8027645327030504     
  -7.6834915456000047E-002  -5.8081429767849704     
  -2.2251722794436421E-002  -5.8097005973805809     
   3.0249284801610030E-002  -5.8075831474444684     
   8.0333645189683875E-002  -5.8019597922811901     
  0.12769080310756842       -5.7930214360636603     
  0.17203611881969216       -5.7809789077462819     
  0.21311251741033688       -5.7660610315275580     
  0.25069178109079460       -5.7485126068512020     
  0.28457548130754806       -5.7285923231596740     
  0.31459554376722487       -5.7065706350959680     
  0.34061443860192897       -5.6827276243938325     
  0.36252499025600776       -5.6573508750759123     
  0.38024980733164671       -5.6307333885626969     
  0.39374034123374890       -5.6031715646763347     
  0.40297559330933352       -5.5749632731446814     
  0.40796050233643061       -5.5464060379811313     
  0.40872405659738364       -5.5177953540193148     
  0.40531718627159935       -5.4894231509803024     
  0.39781050150531394       -5.4615764158749300     
  0.38629194846333836       -5.4345359794824963     
  0.37086445941061735       -5.4085754673237529     
  0.35164367317995521       -5.3839604102011558     
  0.32875579932012172       -5.3609475042487471     
  0.30233569310380154       -5.3397840057314809     
  0.27252519991570168       -5.3207072417373817     
  0.23947181695753439       -5.3039442145503539     
  0.20332770834849595       -5.2897112749659589     
  0.16424909717231687       -5.2782138381638966     
  0.12239604532466949       -5.2696461149911693     
   7.7932619501032627E-002  -5.2641908316260970     
   3.1027429522594192E-002  -5.2620189115595153     
  -1.8145486549636256E-002  -5.2632890956179894     
  -6.9405467532062601E-002  -5.2681474783452336     
 -0.12256377289745136       -5.2767269424480547     
 -0.17742192526240561       -5.2891464772164234     
 -0.23376992369405125       -5.3055103718750072     
 -0.29138441259774145       -5.3259072807568488     
 -0.35002690413715720       -5.3504091640464502     
 -0.40944216553961227       -5.3790701156342227     
 -0.46935689556429749       -5.4119250983237235     
 -0.52947882574253091       -5.4489886161257006     
 -0.58949639015750888       -5.4902533634367261     
 -0.64907911049608868       -5.5356889011714525     
 -0.70787883851399591       -5.5852404198674321     
 -0.76553198340216688       -5.6388276587055834     
 -0.82166282448784089       -5.6963440564197327     
 -0.87588796850233375       -5.7576562142148964     
 -0.92782195464433115       -5.8226037510399999     
 -0.97708394082256300       -5.8909996268975791     
  -1.0233053237869150       -5.9626309995626627     
  -1.0661380596513628       -6.0372606637382580     
  -1.1052633670622969       -6.1146290994326185     
  -1.1404004221146895       -6.1944571289806465     
  -1.1713146018714446       -6.2764491511116480     
  -1.1978248110852747       -6.3602968878876176     
  -1.2198094412527800       -6.4456835487753121     
  -1.2372105654783310       -6.5322882883587949     
  -1.2500360650257623       -6.6197908129105985     
  -1.2583595070307385       -6.7078759784027504     
  -1.2623177362870650       -6.7962382199428450     
  -1.2621062929309930       -6.8845856604480149     
  -1.2579729069062899       -6.9726437639314556     
  -1.2502094353159297       -7.0601584244035704     
  -1.2391426895376569       -7.1468984126712067     
  -1.2251246394244450       -7.2326571374309179     
  -1.2085224813764868       -7.3172537111272717     
  -1.1897090197144373       -7.4005333425072823     
  -1.1690537444234772       -7.4823671046169258     
  -1.1469149029014976       -7.5626511478200307     
  -1.1236327692433532       -7.6413054416670656     
  -1.0995242213250493       -7.7182721371598193     
  -1.0748786511220731       -7.7935136427383647     
  -1.0499551625195780       -7.8670105041147353     
  -1.0249809561198646       -7.9387591710431256     
  -1.0001507628352047       -8.0087697244415903     
 -0.97562716630611734       -8.0770636260830191     
 -0.95154164622200832       -8.1436715413185592     
 -0.92799617766819897       -8.2086312737553335     
 -0.90506523275542927       -8.2719858400482131     
 -0.88279804724868616       -8.3337817033556210     
 -0.86122103431486086       -8.3940671757576606     
 -0.84034024793252216       -8.4528909931129377     
 -0.82014381851504059       -8.5103010604089899     
 -0.80060430190178744       -8.5663433615421152     
 -0.78168089946527475       -8.6210610245046837     
 -0.76332152136387865       -8.6744935310001559     
 -0.74546467686649054       -8.7266760583808107     
 -0.72804118527090200       -8.7776389413497746     
 -0.71097570841533997       -8.8274072409388484     
 -0.69418811137985570       -8.8760004087354378     
 -0.67759466194966189       -8.9234320350719134     
 -0.66110908202237639       -8.9697096708134794     
 -0.64464346562543373       -9.0148347134072591     
 -0.62810907878421984       -9.0588023489221552     
 -0.61141705633371435       -9.1016015428655148     
 -0.59447901005690207       -9.1432150735694986     
 -0.57720756139659191       -9.1836196028672603     
 -0.55951681053578428       -9.2227857796047648     
 -0.54132275196872048       -9.2606783722425750     
 -0.52254364486849569       -9.2972564273833704     
 -0.50310034466418341       -9.3324734515098626     
 -0.48291660032867378       -9.3662776135328691     
 -0.46191931999946956       -9.3986119659328313     
 -0.44003880575571536       -9.4294146823357305     
 -0.41720895669981772       -9.4586193093047175     
 -0.39336743798279467       -9.4861550299635127     
 -0.36845581210848966       -9.5119469368111069     
 -0.34241962779024665       -9.5359163107564235     
 -0.31520846084924709       -9.5579809030158707     
 -0.28677590116805057       -9.5780552160976349     
 -0.25707947957409655       -9.5960507796678218     
 -0.22608052875039220       -9.6118764166803494     
 -0.19374397287507572       -9.6254384947816050     
 -0.16003804169558292       -9.6366411577002964     
 -0.12493390616224095       -9.6453865311316527     
  -8.8405234595301446E-002  -9.6515748975533242     
  -5.0427670655522651E-002  -9.6551048344992108     
  -1.0978237152886275E-002  -9.6558733110999135     
   2.9965327009690734E-002  -9.6537757382092355     
   7.2425285659675265E-002  -9.6487059682130578     
  0.11642466445097016       -9.6405562417014892     
  0.16198802967170178       -9.6292170796244694     
  0.20914226036909847       -9.6145771213986322     
  0.25791728067715047       -9.5965229117512312     
  0.30834671148708370       -9.5749386419471350     
  0.36046839167384831       -9.5497058545299662     
  0.41432470882552880       -9.5207031249121794     
  0.46996266767678030       -9.4878057381748047     
  0.52743361113502596       -9.4508853853953525     
  0.58679249392851029       -9.4098099108203570     
  0.64809659270261000       -9.3644431493311746     
  0.71140351934576884       -9.3146449029769709     
  0.77676838738878706       -9.2602711158597550     
  0.84423996609029983       -9.2011743182334342     
  0.91385564579679945       -9.1372044230276579     
  0.98563503504108785       -9.0682099705747810     
   1.0595720198161316       -8.9940399291876520     
   1.1356251455024398       -8.9145461690024810     
   1.2137062409027646       -8.8295867321392869     
   1.2936673023165335       -8.7390300209771290     
   1.3752858050772918       -8.6427600146217181     
   1.4582488212750286       -8.5406825971324665     
   1.5421366026628318       -8.4327330349460681     
   1.6264066360957703       -8.3188845704193639     
   1.7103795802737509       -8.1991579998002013     
   1.7932289110089457       -8.0736319760295743     
   1.8739764742681337       -7.9424536228308051     
   1.9514963782020676       -7.8058488763566602     
   2.0245296282779992       -7.6641318023772005     
   2.0917114962157584       -7.5177119976420972     
   2.1516127103030178       -7.3670991079208861     
   2.2027941276221159       -7.2129035189873383     
   2.2438726813308252       -7.0558324312941805     
   2.2735943228856264       -6.8966808286921868     
   2.2909077794085708       -6.7363172841335865     
   2.2950316814644691       -6.5756650664310738     
   2.2855074100620802       -6.4156795477267279     
   2.2622311048431571       -6.2573233703877067     
   2.2254606102940295       -6.1015411276671250     
   2.1757963261928968       -5.9492353848336226     
   2.1141383403749092       -5.8012457010073790     
   2.0416251574140660       -5.6583319399883942     
   1.9595612349658129       -5.5211626535407872     
   1.8693411280736774       -5.3903087745756295     
   1.7723773810645072       -5.2662423579011142     
   1.6700377232031050       -5.1493397172768969     
   1.5635950762149342       -5.0398880619418511     
   1.4541918166932657       -4.9380946347733223     
   1.3428179891526379       -4.8440973755326375     
   1.2303019160657733       -4.7579762414080333     
   1.1173109354269970       -4.6797644759281436     
   1.0043597476051731       -4.6094592935957817     
  0.89182395228478917       -4.5470316169358460     
  0.77995667327232032       -4.4924346498067838     
  0.66890659040840938       -4.4456111884781953     
  0.55873613915898612       -4.4064996587370659     
  0.44943904546954661       -4.3750389255541977     
  0.34095670775927311       -4.3511719560110489     
  0.23319320987121997       -4.3348484313200633     
  0.12602895053731000       -4.3260264047824517     
   1.9333014707489479E-002  -4.3246730937529279     
  -8.7025499816426627E-002  -4.3307648787400774     
 -0.19316694094622153       -4.3442865646063131     
 -0.29919107491559194       -4.3652299398504049     
 -0.40516731950016927       -4.3935916522154166     
 -0.51112502919611968       -4.4293704042591449     
 -0.61704369551599347       -4.4725634629452644     
 -0.72284302598819650       -4.5231624747644386     
 -0.82837299658469521       -4.5811485845253674     
 -0.93340413522474530       -4.6464868739910994     
  -1.0376184867293066       -4.7191201680621511     
  -1.1406019245859640       -4.7989623027831687     
  -1.2418386962569377       -4.8858910115211547     
  -1.3407092898426296       -4.9797406618101387     
  -1.4364928519287954       -5.0802951614451546     
  -1.5283754197739405       -5.1872814408293308     
  -1.6154651004120852       -5.3003639978581765     
  -1.6968149843470415       -5.4191410467624692     
  -1.7714539922640811       -5.5431428262209552     
  -1.8384250284720551       -5.6718325782139987     
  -1.8968288190551950       -5.8046105955478620     
  -1.9458707734007610       -5.9408215496859151     
  -1.9849073059788644       -6.0797650611044354     
  -2.0134874952456001       -6.2207091857716277     
  -2.0313859168509518       -6.3629061999511940     
  -2.0386230663940386       -6.5056098145987766     
  -2.0354709561227113       -6.6480927815273665     
  -2.0224430677011669       -6.7896637962664483     
  -2.0002696003108955       -6.9296826682882111     
  -1.9698605586074098       -7.0675729073907299     
  -1.9322604041597853       -7.2028311356819152     
  -1.8885985764720457       -7.3350330360349583     
  -1.8400401414709333       -7.4638358459379237     
  -1.7877402400157483       -7.5889776627390262     
  -1.7328050660680530       -7.7102740173637896     
  -1.6762610131482634       -7.8276122882841683     
  -1.6190325772020122       -7.9409445686883089     
  -1.5619287288605304       -8.0502795797085458     
  -1.5056368382556191       -8.1556741583864394     
  -1.4507228626523339       -8.2572247587721019     
  -1.3976363611505200       -8.3550593040526380     
  -1.3467189291128865       -8.4493296290905402     
  -1.2982147893836435       -8.5402046643473959     
  -1.2522824846665235       -8.6278644382740524     
  -1.2090068437331731       -8.7124949173353752     
  -1.1684106143480588       -8.7942836603397385     
  -1.1304653505472020       -8.8734162348780430     
  -1.0951013030902275       -8.9500733260943584     
  -1.0622161879332011       -9.0244284592496822     
  -1.0316828009022361       -9.0966462553128391     
  -1.0033555119476003       -9.1668811411491706     
 -0.97707571473128507       -9.2352764411803605     
 -0.95267633204224600       -9.3019637844233181     
 -0.92998548925893432       -9.3670627686714436     
 -0.90882947062866770       -9.4306808316154509     
 -0.88903506954434597       -9.4929132864835548     
 -0.87043143657048772       -9.5538434870434887     
 -0.85285151937518333       -9.6135430933997519     
 -0.83613317813016541       -9.6720724158688629     
 -0.82012004912651171       -9.7294808193077191     
 -0.80466221880883437       -9.7858071746243382     
 -0.78961676044116003       -9.8410803478552200     
 -0.77484817632814174       -9.8953197201981897     
 -0.76022877998099714       -9.9485357347968595     
 -0.74563904484102095       -10.000730467935732     
 -0.73096793913058222       -10.051898223674872     
 -0.71611326005971121       -10.102026151879052     
 -0.70098197494639591       -10.151094890125300     
 -0.68549057179072936       -10.199079230150652     
 -0.66956541746939746       -10.245948809373509     
 -0.65314311799147506       -10.291668827632913     
 -0.63617087219172619       -10.336200788686334     
 -0.61860680785069666       -10.379503265235883     
 -0.60042028753815857       -10.421532685363553     
 -0.58159217048796852       -10.462244137297711     
 -0.56211501652655604       -10.501592188454570     
 -0.54199321847638648       -10.539531713747916     
 -0.52124305050288366       -10.576018727283119     
 -0.49989262151046343       -10.611011210788851     
 -0.47798172484177753       -10.644469931527775     
 -0.45556157809639986       -10.676359241994524     
 -0.43269444974821603       -10.706647853476898     
 -0.40945317228170808       -10.735309575536618     
 -0.38592054465882530       -10.762324013662736     
 -0.36218862994471329       -10.787677217758866     
 -0.33835795674472657       -10.811362274730996     
 -0.31453663563253231       -10.833379839225273     
 -0.29083940389291035       -10.853738597497777     
 -0.26738661359651106       -10.872455660449534     
 -0.24430317922248293       -10.889556882995107     
 -0.22171750172523924       -10.905077108115874     
 -0.19976038610068783       -10.919060335142921     
 -0.17856396915999623       -10.931559812984121     
 -0.15826067339551741       -10.942638060121807     
 -0.13898220156593860       -10.952366814231423     
 -0.12085858498694287       -10.960826915180510     
 -0.10401729654658795       -10.968108125938771     
  -8.8582437231624386E-002  -10.974308896544985     
  -7.4674002514062532E-002  -10.979536076720969     
  -6.2407232368438911E-002  -10.983904582986760     
  -5.1892046030245428E-002  -10.987537026208877     
  -4.3232559923633493E-002  -10.990563305403532     
  -3.6526684537751458E-002  -10.993120173321174     
  -3.1865793468400100E-002  -10.995350778863962     
  -2.9334455413531829E-002  -10.997404190742909     
  -2.9010217661282742E-002  -10.999434905979198     
  -3.0963427576574706E-002  -11.001602345909559     
  -3.5257076810672389E-002  -11.004070341286306     
  -4.1946651456568840E-002  -11.007006606888266     
  -5.1079970177225022E-002  -11.010582204800672     
  -6.2696991467165619E-002  -11.014970994203374     
  -7.6829570695335955E-002  -11.020349064152047     
  -9.3501147447731942E-002  -11.026894144473388     
 -0.11272634398081917       -11.034784988552046     
 -0.13451045636491327       -11.044200720497590     
 -0.15884882121551322       -11.055320137982676     
 -0.18572604288259942       -11.068320960984458     
 -0.21511506872897515       -11.083379015795487     
 -0.24697610385192909       -11.100667343065121     
 -0.28125536149922187       -11.120355218370067     
 -0.31788365174638356       -11.142607073992314     
 -0.35677481900644387       -11.167581311322765     
 -0.39782404890658229       -11.195428994746226     
 -0.44090607722804886       -11.226292420152189     
 -0.48587334812407545       -11.260303554520874     
 -0.53255418571498780       -11.297582347520922     
 -0.58075106218665995       -11.338234921873989     
 -0.63023906613126945       -11.382351656503177     
 -0.68076469607199985       -11.430005185228216     
 -0.73204512437140323       -11.481248343934215     
 -0.78376809389457303       -11.536112110506835     
 -0.83559262112492227       -11.594603593985580     
 -0.88715068162669897       -11.656704141699448     
 -0.93805004322556185       -11.722367644725237     
 -0.98787838553330221       -11.791519131712569     
  -1.0362087986198674       -11.864053747615960     
  -1.0826066872346050       -11.939836215722384     
  -1.1266380206248423       -12.018700877166122     
  -1.1678787651446489       -12.100452390726247     
  -1.2059252242069745       -12.184867156420735     
  -1.2404048976691964       -12.271695499257579     
  -1.2709873730031405       -12.360664615367799     
  -1.2973946873563698       -12.451482243482745     
  -1.3194105658717419       -12.543840983093768     
  -1.3368879573223280       -12.637423140106330     
  -1.3497543578650277       -12.731905945156882     
  -1.3580145352693298       -12.826966962625734     
  -1.3617504297459311       -12.922289492707950     
  -1.3611181974523068       -13.017567766529611     
  -1.3563425586306126       -13.112511745633753     
  -1.3477087927725278       -13.206851361127830     
  -1.3355528691114524       -13.300340061965631     
  -1.3202502981992477       -13.392757582839579     
  -1.3022043324367596       -13.483911886110151     
  -1.2818341307808752       -13.573640275264813     
  -1.2595634426337337       -13.661809716249174     
  -1.2358102700376772       -13.748316435151811     
  -1.2109778500013730       -13.833084884651907     
  -1.1854471743250765       -13.916066186854662     
  -1.1595711450630044       -13.997236167009072     
  -1.1336703590857289       -14.076593092145073     
  -1.1080304308916646       -14.154155222307489     
  -1.0829007013036562       -14.229958271398745     
  -1.0584941406238200       -14.304052861242413     
  -1.0349882358528779       -14.376502037752115     
  -1.0125266491654630       -14.447378903193696     
 -0.99122144495202136       -14.516764404340337     
 -0.97115570144600649       -14.584745303441558     
 -0.95238634674331135       -14.651412347713590     
 -0.93494708501120904       -14.716858643664375     
 -0.91885130469014020       -14.781178234992685     
 -0.90409488498714408       -14.844464876941785     
 -0.89065883899146581       -14.906810995671188     
 -0.87851175081925037       -14.968306818228536     
 -0.86761198017015917       -15.029039656840446     
 -0.85790962065064225       -15.089093330285991     
 -0.84934820843638825       -15.148547704876538     
 -0.84186618564448268       -15.207478337871652     
 -0.83539812853204987       -15.265956206868896     
 -0.82987575469925023       -15.324047509697843     
 -0.82522872619355103       -15.381813520531392     
 -0.82138526709604565       -15.439310489228115     
 -0.81827261508423799       -15.496589572284011     
 -0.81581732683108854       -15.553696785162186     
 -0.81394545709777111       -15.610672967159031     
 -0.81258263114989659       -15.667553751339524     
 -0.81165402978182288       -15.724369533424252     
 -0.81108430584831526       -15.781145434833634     
 -0.81079745082727162       -15.837901256391543     
 -0.81071662959726054       -15.894651420463351     
 -0.81076400131333737       -15.951404900555284     
 -0.81086054398863117       -16.008165138634489     
 -0.81092590010466303       -16.064929951641815     
 -0.81087826023198972       -16.121691429858053     
 -0.81063430118320834       -16.178435830940877     
 -0.81010919457102326       -16.235143474560850     
 -0.80921670072686136       -16.291788643611731     
 -0.80786936167026313       -16.348339498928649     
 -0.80597880512947551       -16.404758015287712     
 -0.80345616943295139       -16.460999947148018     
 -0.80021265637102834       -16.517014833093992     
 -0.79616021584349139       -16.572746048203037     
 -0.79121236227157565       -16.628130913562046     
 -0.78528511841160575       -16.683100871850858     
 -0.77829807745602775       -16.737581737272780     
 -0.77017556928718756       -16.791494027122884     
 -0.76084791164667909       -16.844753380938151     
 -0.75025272202516047       -16.897271071479913     
 -0.73833626152054388       -16.948954609786352     
 -0.72505477802741347       -16.999708444248270     
 -0.71037581317420828       -17.049434751170466     
 -0.69427943565860095       -17.098034311666567     
 -0.67675936323969699       -17.145407467093346     
 -0.65782393675474737       -17.191455142666179     
 -0.63749691218084636       -17.236079926518837     
 -0.61581804090769909       -17.279187189382377     
 -0.59284341387946327       -17.320686228353939     
 -0.56864555186629928       -17.360491416984580     
 -0.54331323153020583       -17.398523343191695     
 -0.51695104479410559       -17.434709916327282     
 -0.48967869692290444       -17.468987425111887     
 -0.46163005630045723       -17.501301529052920     
 -0.43295197579033867       -17.531608167358243     
 -0.40380291151155978       -17.559874371164053     
 -0.37435136962806320       -17.586078967038016     
 -0.34477421521220131       -17.610213162102870     
 -0.31525487935175600       -17.632281003657493     
 -0.28598150146006307       -17.652299708759696     
 -0.25714504331752641       -17.670299861791921     
 -0.22893740986675787       -17.686325480482594     
 -0.20154960937893679       -17.700433953139118     
 -0.17516998249353538       -17.712695851913665     
 -0.14998252599099027       -17.723194628733033     
 -0.12616533315596590       -17.732026202053952     
 -0.10388916837194774       -17.739298443839989     
  -8.3316189274115895E-002  -17.745130577089178     
  -6.4598825469553034E-002  -17.749652494872045     
  -4.7878818583226068E-002  -17.753004012172870     
  -3.3286424260659586E-002  -17.755334061871118     
  -2.0939772800445539E-002  -17.756799845967148     
  -1.0944381345172172E-002  -17.757565952661309     
  -3.3928070730747800E-003  -17.757803449156423     
   1.6355723456937671E-003  -17.757688959092224     
   4.0746675795949039E-003  -17.757403732361652     
   3.8716946965971846E-003  -17.757132713732890     
   9.8712130509111262E-004  -17.757063615241535     
  -4.6054360182258489E-003  -17.757385995762810     
  -1.2919340057662959E-002  -17.758290349566845     
  -2.3955064002592945E-002  -17.759967204047026     
  -3.7700302785832140E-002  -17.762606225242035     
  -5.4130043664981746E-002  -17.766395328298582     
  -7.3206577142432172E-002  -17.771519788698551     
  -9.4879432269730390E-002  -17.778161348957433     
 -0.11908522415557263       -17.786497314648322     
 -0.14574740611123302       -17.796699633076109     
 -0.17477592433655131       -17.808933947779668     
 -0.20606677938077772       -17.823358622336322     
 -0.23950150579919732       -17.840123727742267     
 -0.27494658943706274       -17.859369989002861     
 -0.31225285053367430       -17.881227688540218     
 -0.35125483021403769       -17.905815526655200     
 -0.39177022769502939       -17.933239442593852     
 -0.43359944532844169       -17.963591403766841     
 -0.47652530793609682       -17.996948175322370     
 -0.52031303109117011       -18.033370087498753     
 -0.56471051921045690       -18.072899823843485     
 -0.60944907751768762       -18.115561259269725     
 -0.65424462096010094       -18.161358382736932     
 -0.69879945680036915       -18.210274344712957     
 -0.74280470472872628       -18.262270674043968     
 -0.78594339805439251       -18.317286711907776     
 -0.82789428139805465       -18.375239311605640     
 -0.86833628454352463       -18.436022851523685     
 -0.90695360981183537       -18.499509604210512     
 -0.94344132359971034       -18.565550496862492     
 -0.97751129471972076       -18.633976287492874     
  -1.0088982769464789       -18.704599166879127     
  -1.0373658953695026       -18.777214779554992     
  -1.0627122705503347       -18.851604638493516     
  -1.0847750053391763       -18.927538888867257     
  -1.1034352695963920       -19.004779357739004     
  -1.1186207492582156       -19.083082810187079     
  -1.1303072772359017       -19.162204319593592     
  -1.1385190312587319       -19.241900651781702     
  -1.1433272625872088       -19.321933560162805     
  -1.1448476026619603       -19.402072892349143     
  -1.1432360747125683       -19.482099417579022     
  -1.1386840069749116       -19.561807298067265     
  -1.1314120975776931       -19.641006144897702     
  -1.1216639144636595       -19.719522618910158     
  -1.1096991253709465       -19.797201557686126     
  -1.0957867437353617       -19.873906629747601     
  -1.0801986492257905       -19.949520535193408     
  -1.0632036007716790       -20.023944787247427     
  -1.0450619104048320       -20.097099120975766     
  -1.0260208930950352       -20.168920583492419     
  -1.0063111555734807       -20.239362364382561     
 -0.98614373956454271       -20.308392426152079     
 -0.96570809443336492       -20.375991992762415     
 -0.94517082242523376       -20.442153950332180     
 -0.92467511683358639       -20.506881208510531     
 -0.90434079918914934       -20.570185064453771     
 -0.88426485494546325       -20.632083604299954     
 -0.86452236684250838       -20.692600169978931     
 -0.84516774972424424       -20.751761912459628     
 -0.82623619865637665       -20.809598446365573     
 -0.80774527245937289       -20.866140615437729     
 -0.78969654615624185       -20.921419373668666     
 -0.77207727747363375       -20.975464783091819     
 -0.75486204378623978       -21.028305126156855     
 -0.73801431631501857       -21.079966128298906     
 -0.72148794770498770       -21.130470284638257     
 -0.70522855717885791       -21.179836283640778     
 -0.68917480425130462       -21.228078519938368     
 -0.67325954753022088       -21.275206688265484     
 -0.65741088950832127       -21.321225450531067     
 -0.64155311157101291       -21.366134168341038     
 -0.62560750583730318       -21.409926693749650     
 -0.60949311203458234       -21.452591211592072     
 -0.59312736850559689       -21.494110127387465     
 -0.57642668676820752       -21.534459995461241     
 -0.55930695889626725       -21.573611482583978     
 -0.54168400645286041       -21.611529363035679     
 -0.52347397886453240       -21.648172541556196     
 -0.50459370804736192       -21.683494101119511     
 -0.48496102484584164       -21.717441372858719     
 -0.46449504148094722       -21.749956025762387     
 -0.44311640277808045       -21.780974173956853     
 -0.42074750750988449       -21.810426499482546     
 -0.39731269979319905       -21.838238388468071     
 -0.37273842917337102       -21.864330078510207     
 -0.34695337686290978       -21.888616814890611     
 -0.31988854462608052       -21.911009013014436     
 -0.29147730206863859       -21.931412424159241     
 -0.26165538765596458       -21.949728301295160     
 -0.23036085869838829       -21.965853561404046     
 -0.19753398586638957       -21.979680940414692     
 -0.16311708859008095       -21.991099136615997     
 -0.12705430901999570       -21.999992938247395     
  -8.9291324147878895E-002  -22.006243330937746     
  -4.9774998282286598E-002  -22.009727580817508     
  -8.4529814293754085E-003  -22.010319289517565     
   3.4726736658110574E-002  -22.007888417951495     
   7.9816301817978941E-002  -22.002301276824237     
  0.12686847897284387       -21.993420483296138     
  0.17593711501921794       -21.981104885244793     
  0.22707754340002445       -21.965209457206793     
  0.28034688210783387       -21.945585175459243     
  0.33580416456004164       -21.922078883940038     
  0.39351022857211770       -21.894533167939990     
  0.45352727245646207       -21.862786258868038     
  0.51591796915158405       -21.826672001027426     
  0.58074400952757388       -21.786019920360495     
  0.64806392527266576       -21.740655445591408     
  0.71793002124803906       -21.690400344104045     
  0.79038422890870907       -21.635073448080437     
  0.86545267943947113       -21.574491760519674     
  0.94313879222420738       -21.508472045063979     
   1.0234146875711778       -21.436833016933996     
   1.1062107708209155       -21.359398262976530     
   1.1914034088836061       -21.276000024354676     
   1.2788007426280341       -21.186483972370713     
   1.3681268629413930       -21.090715091964814     
   1.4590048368139303       -20.988584753387840     
   1.5509394092233180       -20.880018994742208     
   1.6433006224211069       -20.764987951172731     
   1.7353100630653078       -20.643516246758161     
   1.8260319186929386       -20.515694012449654     
   1.9143714131376639       -20.381688013530017     
   1.9990833749333357       -20.241752177284685     
   2.0787935271023432       -20.096236630387519     
   2.1520344254121189       -19.945594220608672     
   2.2172967155391197       -19.790383450520935     
   2.2730945322980491       -19.631266833260071     
   2.3180415904816174       -19.469003921926358     
   2.3509321662489300       -19.304438670288935     
   2.3708192415028253       -19.138481323383736     
   2.3770811271625734       -18.972085644482355     
   2.3694683202428499       -18.806222862065354     
   2.3481243192298922       -18.641854159719262     
   2.3135773657787162       -18.479903744114750     
   2.2667039780918188       -18.321234465648324     
   2.2086688742726426       -18.166627644449239     
   2.1408486815065570       -18.016768236743779     
   2.0647481920397137       -17.872235863301000     
   1.9819177555082481       -17.733501620415424     
   1.8938789545688119       -17.600930093595608     
   1.8020634957818666       -17.474785648890876     
   1.7077678144347574       -17.355241901880444     
   1.6121237002304776       -17.242393242864310     
   1.5160835849744689       -17.136267391916096     
   1.4204180937326294       -17.036838125354812     
   1.3257230038463308       -16.944037515085569     
   1.2324327545648521       -16.857767222266030     
   1.1408379491643621       -16.777908565824525     
   1.0511047481719169       -16.704331233452489     
  0.96329455559011024       -16.636900614561181     
  0.87738287594539122       -16.575483813245004     
  0.79327662788455633       -16.519954449293085     
  0.71082952432718916       -16.470196382590181     
  0.62985537069066877       -16.426106506641833     
  0.55013930142292011       -16.387596755542230     
  0.47144708483160475       -16.354595459604017     
  0.39353269127275009       -16.327048171214923     
  0.31614435304335353       -16.304918066501887     
  0.23902935649392032       -16.288186011547314     
  0.16193780626307033       -16.276850365108899     
   8.4625594296791645E-002  -16.270926573508124     
   6.8567967797484378E-003  -16.270446597733542     
  -7.1594286868677776E-002  -16.275458197814348     
 -0.15094124550609231       -16.286024084999774     
 -0.23138361458601359       -16.302220938020795     
 -0.31310467837118838       -16.324138265506779     
 -0.39626881180493906       -16.351877082333125     
 -0.48101815601892384       -16.385548353254450     
 -0.56746842181275048       -16.425271142781341     
 -0.65570362169410390       -16.471170396299929     
 -0.74576954834441189       -16.523374264684037     
 -0.83766585236463809       -16.582010874349560     
 -0.93133663316654991       -16.647204438671217     
  -1.0266595535942336       -16.719070607422815     
  -1.1234336315995921       -16.797710961634785     
  -1.2213660604300141       -16.883206585864887     
  -1.3200586680909288       -16.975610692631253     
  -1.4189949454920154       -17.074940338815694     
  -1.5175289359387243       -17.181167364331404     
  -1.6148776528167568       -17.294208800028578     
  -1.7101190194968403       -17.413917131393358     
  -1.8021975213843378       -17.540070957890261     
  -1.8899397187980631       -17.672366738206126     
  -1.9720813789623863       -17.810412434733493     
  -2.0473071560274203       -17.953723935655411     
  -2.1143024516297446       -18.101725107269495     
  -2.1718154008504342       -18.253752185329024     
  -2.2187250577370605       -18.409062939370617     
  -2.2541101364506284       -18.566850648922163     
  -2.2773115073725356       -18.726262454438242     
  -2.2879814313518176       -18.886421154632870     
  -2.2861134628985416       -19.046449097035769     
  -2.2720490279514487       -19.205492528992369     
  -2.2464595557606586       -19.362744697895614     
  -2.2103061649249183       -19.517466129440358     
  -2.1647816446564310       -19.669000844566309     
  -2.1112413140672794       -19.816787736551017     
  -2.0511300104408838       -19.960366837281878     
  -1.9859119729649912       -20.099380675389426     
  -1.9170090193289970       -20.233571306742455     
  -1.8457505612494192       -20.362773846029913     
  -1.7733370811995652       -20.486907441713882     
  -1.7008170170195964       -20.605964632905252     
  -1.6290757594890248       -20.719999936069485     
  -1.5588347138463448       -20.829118366038728     
  -1.4906580640431963       -20.933464430521752     
  -1.4249649072512691       -21.033211974029342     
  -1.3620446784382179       -21.128555101520018     
  -1.3020741537410323       -21.219700292281889     
  -1.2451347240131370       -21.306859722962809     
  -1.1912290108456416       -21.390245753722002     
  -1.1402962255217726       -21.470066489508525     
  -1.0922259343110132       -21.546522304910297     
  -1.0468700911787165       -21.619803211292808     
  -1.0040533383821790       -21.690086944979562     
 -0.96358166669894274       -21.757537661648488     
 -0.92524958092726639       -21.822305132313396     
 -0.88884594267635464       -21.884524348300740     
 -0.85415866963626541       -21.944315455175278     
 -0.82097846506646166       -22.001783947729930     
 -0.78910173812624085       -22.057021069398768     
 -0.75833285846274678       -22.110104369491161     
 -0.72848586963723594       -22.161098380365768     
 -0.69938576712775280       -22.210055384064709     
 -0.67086942879941647       -22.257016244080667     
 -0.64278626945127515       -22.302011282942257     
 -0.61499867660652252       -22.345061190304712     
 -0.58738227219531169       -22.386177949358384     
 -0.55982603415288223       -22.425365771749085     
 -0.53223230311824288       -22.462622032967364     
 -0.50451669223211193       -22.497938201423612     
 -0.47660791234316585       -22.531300755287631     
 -0.44844752058054571       -22.562692081728269     
 -0.41998959708169126       -22.592091353523987     
 -0.39120035252642754       -22.619475378200836     
 -0.36205766787516247       -22.644819414952096     
 -0.33255056720145548       -22.668097954656197     
 -0.30267862461350831       -22.689285458379143     
 -0.27245130684783525       -22.708357049858492     
 -0.24188725407067374       -22.725289157643438     
 -0.21101350262518537       -22.740060102827201     
 -0.17986465481015068       -22.752650628663911     
 -0.14848200217330221       -22.763044368816043     
 -0.11691261016493695       -22.771228251527589     
  -8.5208373251962385E-002  -22.777192837655225     
  -5.3425050678314295E-002  -22.780932591202706     
  -2.1621293926727375E-002  -22.782446081777579     
   1.0142322446163241E-002  -22.781736119206347     
   4.1804254587361478E-002  -22.778809821385231     
   7.3302915667617957E-002  -22.773678617288496     
  0.10457756290403167       -22.766358187885213     
  0.13556913395110162       -22.756868348508636     
  0.16622102208924081       -22.745232876962390     
  0.19647978063299831       -22.731479292318081     
  0.22629574817116455       -22.715638589946099     
  0.25562358759866155       -22.697744938814193     
  0.28442273336268442       -22.677835347478805     
  0.31265774287728565       -22.655949305477396     
  0.34029854961460715       -22.632128407004373     
  0.36732061691072443       -22.606415963820623     
  0.39370499298502026       -22.578856614311672     
  0.41943826902322690       -22.549495935480046     
  0.44451244338009682       -22.518380064443438     
  0.46892469598922482       -22.485555335724193     
  0.49267707790409426       -22.451067940270907     
  0.51577612152447805       -22.414963611764193     
  0.53823237748442965       -22.377287345340282     
  0.56005988440125631       -22.338083153432194     
  0.58127557772862115       -22.297393862991189     
  0.60189864385099512       -22.255260957921621     
  0.62194982534034671       -22.211724470147796     
  0.64145068301693631       -22.166822922336610     
  0.66042282016927023       -22.120593324924762     
  0.67888707405414739       -22.073071229740972     
  0.69686267968039517       -22.024290842163342     
  0.71436641094501252       -21.974285193397190     
  0.73141170450270843       -21.923086374082001     
  0.74800777237005178       -21.870725830016095     
  0.76415871024720716       -21.817234720298792     
  0.77986260992587997       -21.762644337603980     
  0.79511068596798629       -21.706986589586222     
  0.80988642909075059       -21.650294539549868     
  0.82416480135792103       -21.592603003454816     
  0.83791149129692344       -21.533949199064033     
  0.85108225034041851       -21.474373441540202     
  0.86362233538283595       -21.413919878063403     
  0.87546608555070260       -21.352637252074853     
  0.88653666425760680       -21.290579685576819     
  0.89674599994478410       -21.227807465580685     
  0.90599496024457304       -21.164387818363565     
  0.91417379426233225       -21.100395652765201     
  0.92116287585974443       -21.035914251455019     
  0.92683377686863377       -20.971035887074216     
  0.93105069276346686       -20.905862338580771     
  0.93367223427850043       -20.840505282181276     
  0.93455358674125000       -20.775086531109388     
  0.93354902468860290       -20.709738099381184     
  0.93051475306689346       -20.644602066666501     
  0.92531202869450180       -20.579830224657886     
  0.91781049765015754       -20.515583489822376     
  0.90789166702952828       -20.452031073130311     
  0.89545241441870838       -20.389349404121003     
  0.88040842682967979       -20.327720814242927     
  0.86269745398691378       -20.267331992463841     
  0.84228225974739435       -20.208372234281523     
  0.81915316068378952       -20.151031513033658     
  0.79333005256272693       -20.095498409354267     
  0.76486384314547462       -20.041957940334083     
  0.73383723241172261       -19.990589334065263     
  0.70036480746936958       -19.941563797542408     
  0.66459244724358757       -19.895042326235355     
  0.62669605957355112       -19.851173602065206     
  0.58687969868680501       -19.810092023157129     
  0.54537313253375475       -19.771915903879766     
  0.50242894593488874       -19.736745877664323     
  0.45831927623022961       -19.704663528328208     
  0.41333228298663444       -19.675730268519143     
  0.36776845269208547       -19.649986476830698     
  0.32193683404620732       -19.627450898447464     
  0.27615129053010434       -19.608120308110355     
  0.23072684563188342       -19.591969428916123     
  0.18597618363609411       -19.578951096061598     
  0.14220635634531598       -19.568996651117427     
   9.9715734360186478E-002  -19.562016549712215     
   5.8791231198957475E-002  -19.557901163528289     
   1.9705819902831018E-002  -19.556521756135091     
  -1.7283645103318993E-002  -19.557731611292322     
  -5.1938293416978837E-002  -19.561367291831509     
  -8.4038787892835837E-002  -19.567250006984008     
 -0.11338655748030191       -19.575187066007629     
 -0.13980471626689883       -19.584973396146314     
 -0.16313867418326583       -19.596393103339143     
 -0.18325644801800711       -19.609221054700402     
 -0.20004868511690951       -19.623224462658587     
 -0.21342841645660993       -19.638164451810550     
 -0.22333056060592252       -19.653797591052964     
 -0.22971120521735200       -19.669877375418178     
 -0.23254669783537293       -19.686155644266655     
 -0.23183258262311662       -19.702383925050274     
 -0.22758242374006774       -19.718314694712078     
 -0.21982655922249103       -19.733702553857650     
 -0.20861083105763867       -19.748305312031686     
 -0.19399533751674300       -19.761884985657858     
 -0.17605325262797014       -19.774208713341817     
 -0.15486975492856392       -19.785049596186816     
 -0.13054110341537312       -19.794187473425893     
 -0.10317389305516597       -19.801409645939756     
  -7.2884515496557903E-002  -19.806511562024514     
  -3.9798842929816731E-002  -19.809297481029603     
  -4.0521445415058824E-003  -19.809581131147507     
   3.4210764150696918E-002  -19.807186377656958     
   7.4835148520233236E-002  -19.801947917260541     
  0.11765577826903735       -19.793712012781707     
  0.16249617742081812       -19.782337280362249     
  0.20916774232112972       -19.767695538399771     
  0.25746878056521949       -19.749672723760206     
  0.30718353545979254       -19.728169876278020     
  0.35808127225199865       -19.703104187220379     
  0.40991551347484234       -19.674410101277140     
  0.46242352068263570       -19.642040454829356     
  0.51532612764436447       -19.605967625894252     
  0.56832803452489544       -19.566184663477507     
  0.62111867228384865       -19.522706356417640     
  0.67337373989111071       -19.475570194625263     
  0.72475750244230841       -19.424837169454300     
  0.77492591453794291       -19.370592355436642     
  0.82353059956108809       -19.312945213467366     
  0.87022367177110815       -19.252029556443389     
  0.91466333557203050       -19.188003122953347     
  0.95652013741564101       -19.121046713334252     
  0.99548368449896518       -19.051362855419324     
   1.0312695859549110       -18.979173984402479     
   1.0636263227636549       -18.904720141809022     
   1.0923417185301645       -18.828256221511911     
   1.1172486703603852       -18.750048814586684     
   1.1382298115300054       -18.670372727779583     
   1.1552208172320457       -18.589507270573339     
   1.1682121301222514       -18.507732421464780     
   1.1772489691545622       -18.425324993623960     
   1.1824295859676215       -18.342554922606226     
   1.1839018385270372       -18.259681793909333     
   1.1818582517934935       -18.176951716283789     
   1.1765298204765073       -18.094594628850434     
   1.1681788719812840       -18.012822107811743     
   1.1570913438520241       -17.931825713742100     
   1.1435688380303444       -17.851775895079975     
   1.1279207959194195       -17.772821439365615     
   1.1104570979974564       -17.695089442505793     
   1.0914813356851860       -17.618685749007831     
   1.0712849381742591       -17.543695803335634     
   1.0501422695799769       -17.470185844465036     
   1.0283067477644887       -17.398204372121523     
   1.0060079797677162       -17.327783813537781     
  0.98344986270593715       -17.258942323148364     
  0.96080956448180088       -17.191685653634639     
  0.93823727566147486       -17.126009044338335     
  0.91585661143764563       -17.061899081537700     
  0.89376553912975709       -16.999335493798618     
  0.87203771029899002       -16.938292854077687     
  0.85072408535486088       -16.878742168102846     
  0.82985475071824455       -16.820652335552570     
  0.80944084264370297       -16.763991476567512     
  0.78947650645191414       -16.708728121115879     
  0.76994083424594995       -16.654832262718664     
