  -3.5186206809515543E-002  0.55113574045108049     
  -6.7381149005715638E-002  0.54641906002068041     
  -9.6561498096309525E-002  0.53965975515393871     
 -0.12271968658513215       0.53106937709297941     
 -0.14586310985595841       0.52085895940306237     
 -0.16601345047894087       0.50923801786953649     
 -0.18320610076921209       0.49641359081569164     
 -0.19748965667428914       0.48258931484849138     
 -0.20892545524589290       0.46796453298127888     
 -0.21758712877897787       0.45273343396675042     
 -0.22356015088219119       0.43708422340499703     
 -0.22694135297913118       0.42119832869645785     
 -0.22783839372678183       0.40524964113558309     
 -0.22636916828027970       0.38940379935596353     
 -0.22266114895024855       0.37381751892944615     
 -0.21685065333320652       0.35863797319612167     
 -0.20908204022391624       0.34400223038044753     
 -0.19950683736030536       0.33003675176522618     
 -0.18828280817454726       0.31685695519300788     
 -0.17557296714746501       0.30456684749268531     
 -0.16154455505830234       0.29325872863860414     
 -0.14636798640638404       0.28301296959015726     
 -0.13021578161447780       0.27389786487714379     
 -0.11326149639695038       0.26596956012935724     
  -9.5678660001859123E-002  0.25927205392922709     
  -7.7639733038489422E-002  0.25383727261653283     
  -5.9315094404490801E-002  0.24968521600821847     
  -4.0872065544857367E-002  0.24682417142007845     
  -2.2473979007574467E-002  0.24525099288954824     
  -4.2792970854656220E-003  0.24495144209356565     
   1.3559214696058312E-002  0.24590058712228974     
   3.0895255341758292E-002  0.24806325499621282     
   4.7589694174140829E-002  0.25139453358840269     
   6.3511211936131823E-002  0.25584031842393190     
   7.8536874886035057E-002  0.26133789966595433     
   9.2552639864047465E-002  0.26781658445643763     
  0.10545378857706444       0.27519834965683215     
  0.11714528963194996       0.28339851993106863     
  0.12754208719279836       0.29232646603456452     
  0.13656931558187421       0.30188631812529571     
  0.14416243971138526       0.31197768890509270     
  0.15026732193396219       0.32249640144047004     
  0.15484021672818579       0.33333521661144305     
  0.15784769557118855       0.34438455530142625     
  0.15926650535933709       0.35553321067657984     
  0.15908336477559723       0.36666904621087165     
  0.15729470401641210       0.37767967549202053     
  0.15390635422640528       0.38845312028786888     
  0.14893319379124370       0.39887844385325594     
  0.14239875925739615       0.40884635700127370     
  0.13433482904010341       0.41824979503408094     
  0.12478098821610990       0.42698446420920866     
  0.11378418255658888       0.43494935698816989     
  0.10139826953267178       0.44204723585545691     
   8.7683573328981010E-002  0.44818508598848561     
   7.2706449950170740E-002  0.45327453748499758     
   5.6538867333566244E-002  0.45723225819834723     
   3.9258004028806012E-002  0.45998031848036364     
   2.0945868521442604E-002  0.46144652927686464     
   1.6889397153516256E-003  0.46156475505693922     
  -1.8422172494821660E-002  0.46027520298230173     
  -3.9293049177228499E-002  0.45752468953989572     
  -6.0825770911871045E-002  0.45326688557606476     
  -8.2919218308291187E-002  0.44746254029448440     
 -0.10546937096572359       0.44007968432688377     
 -0.12836961219760806       0.43109381147305120     
 -0.15151104739270899       0.42048803815556157     
 -0.17478284409824132       0.40825323906868466     
 -0.19807260175378819       0.39438815694591950     
 -0.22126675845442198       0.37889948385410999     
 -0.24425104116387872       0.36180191097263847     
 -0.26691096443331225       0.34311814346230662     
 -0.28913238092280286       0.32287887679771043     
 -0.31080208490383648       0.30112273085444186     
 -0.33180846749351722       0.27789613812989566     
 -0.35204221970839278       0.25325318275030817     
 -0.37139707662159283       0.22725538738679668     
 -0.38977059307532086       0.19997144587152421     
 -0.40706493867186749       0.17147690016449349     
 -0.42318769728179884       0.14185376135476757     
 -0.43805265421352990       0.11119007555982047     
 -0.45158055262522517        7.9579436876054704E-002
 -0.46369979985441589        4.7120450886245592E-002
 -0.47434710419458209        1.3916153592624846E-002
 -0.48346802332831146       -1.9926608040356959E-002
 -0.49101740715792347       -5.4297826541411603E-002
 -0.49695972013281742       -8.9085006950708825E-002
 -0.50126923128421075      -0.12417385314060359     
 -0.50393006392001849      -0.15944895761500488     
 -0.50493610114080179      -0.19479448469486102     
 -0.50429074781508654      -0.23009483704191708     
 -0.50200655418260542      -0.26523529583469946     
 -0.49810471061629058      -0.30010262557783979     
 -0.49261442705800146      -0.33458563547189990     
 -0.48557221406405060      -0.36857569045638344     
 -0.47702108510679059      -0.40196716641385877     
 -0.46700970167598627      -0.43465784553117781     
 -0.45559148375707398      -0.46654924939417297     
 -0.44282370843231089      -0.49754690898443477     
 -0.42876661870214505      -0.52756057229358488     
 -0.41348256324512900      -0.55650435172074397     
 -0.39703518584349562      -0.58429681472978867     
 -0.37948868073639080      -0.61086102238133599     
 -0.36090712737107594      -0.63612452129731134     
 -0.34135391505026969      -0.66001929535083026     
 -0.32089126495713466      -0.68248168389782971     
 -0.29957985409708310      -0.70345227368462548     
 -0.27747854292466145      -0.72287577168935180     
 -0.25464420589709108      -0.74070086610214814     
 -0.23113166196169987      -0.75688008243946714     
 -0.20699370006714646      -0.77136964144416742     
 -0.18228119319179639      -0.78412932496759313     
 -0.15704329309321657      -0.79512235548411825     
 -0.13132769697338126      -0.80431529427225490     
 -0.10518097648831626      -0.81167796262643699     
  -7.8648958966633459E-002 -0.81718338975410132     
  -5.1777150295111499E-002 -0.82080779027475914     
  -2.4611188639125849E-002 -0.82253057347949798     
   2.8026820462983652E-003 -0.82233438573625706     
   3.0417129923611584E-002 -0.82020518664160424     
   5.8183255946160764E-002 -0.81613235872537304     
   8.6050128772170054E-002 -0.81010884971132113     
  0.11396434550742746      -0.80213134552580123     
  0.14186962995556110      -0.79220047142891192     
  0.16970648009951908      -0.78032101782194563     
  0.19741187650210135      -0.76650218646679857     
  0.22491906315194360      -0.75075785204616252     
  0.25215741194000374      -0.73310683321036230     
  0.27905238136959210      -0.71357316651449088     
  0.30552557921643980      -0.69218637596934007     
  0.33149493760164095      -0.66898173033722519     
  0.35687500726364130      -0.64400047982877029     
  0.38157737567279654      -0.61729006353167448     
  0.40551121100008941      -0.58890427876166818     
  0.42858393083367807      -0.55890340360331070     
  0.45070199096936492      -0.52735426423545517     
  0.47177178565835431      -0.49433023923937036     
  0.49170064649364831      -0.45991119398481495     
  0.51039792281241880      -0.42418333938794561     
  0.52777612228095139      -0.38723901082827900     
  0.54375208643671469      -0.34917636477770897     
  0.55824817263230775      -0.31009899269344743     
  0.57119341130406875      -0.27011545390216263     
  0.58252460600251399      -0.22933873148198664     
  0.59218734336341849      -0.18788561744654733     
  0.60013688130037823      -0.14587603575552086     
  0.60633888622007714      -0.10343231372011545     
  0.61076999397067488       -6.0678414142168208E-002
  0.61341817440918789       -1.7739141933525049E-002
  0.61428288570272704        2.5260660065665845E-002
  0.61337501146942586        6.8196910868525668E-002
  0.61071658126681838       0.11094707155720296     
  0.60634028236336901       0.15339089132263878     
  0.60028877779327916       0.19541110576816834     
  0.59261385203139016       0.23689407541036567     
  0.58337541092251222       0.27773035417494152     
  0.57264036652123473       0.31781517983142793     
  0.56048144009710332       0.35704888063822515     
  0.54697591768438625       0.39533719487613217     
  0.53220439224684368       0.43259150233341126     
  0.51624952490984211       0.46872896907710021     
  0.49919485497496119       0.50367260892534749     
  0.48112368481212614       0.53735126686219636     
  0.46211806148202617       0.56969953116593819     
  0.44225787234163072       0.60065758222985233     
  0.42162006717805856       0.63017098693231643     
  0.40027801482210357       0.65819044796986370     
  0.37830099789485100       0.68467151782250324     
  0.35575384547736405       0.70957428700591874     
  0.33269670015734820       0.73286305601693313     
  0.30918491314781454       0.75450599993728018     
  0.28526905900248634       0.77447483406745421     
  0.26099505985049087       0.79274448825698862     
  0.23640440799347337       0.80929279681653177     
  0.21153447508892051       0.82410021007275625     
  0.18641889591080507       0.83714953278651261     
  0.16108801475458873       0.84842569381933386     
  0.13556938286033254       0.85791555061955715     
  0.10988829569143685       0.86560773131795776     
   8.4068359460524295E-002  0.87149251648019443     
   5.8132076880115388E-002  0.87556176186180257     
   3.2101442685833564E-002  0.87780886284981097     
   5.9985399961513496E-003  0.87822876064954158     
  -2.0153870992056854E-002  0.87681798968009761     
  -4.6331780135439662E-002  0.87357476507061682     
  -7.2509378233843250E-002  0.86849910859424784     
  -9.8658539476264892E-002  0.86159301083090933     
 -0.12474834319854716       0.85286062680701102     
 -0.15074464273225011       0.84230850181575356     
 -0.17660968918496592       0.82994582357280600     
 -0.20230181805184427       0.81578469630917694     
 -0.22777520657095515       0.79984043184921005     
 -0.25297970965001176       0.78213185217370929     
 -0.27786078195324143       0.76268159743698238     
 -0.30235949328699929       0.74151643290689240     
 -0.32641264370396739       0.71866754784761466     
 -0.34995298370566585       0.69417083898821808     
 -0.37290954351725991       0.66806717094200985     
 -0.39520807360635041       0.64040260578956532     
 -0.41677159640606426       0.61122859404114083     
 -0.43752106659323720       0.58060211937961426     
 -0.45737613430362573       0.54858578997836049     
 -0.47625600240796306       0.51524786980980308     
 -0.49408036552817763       0.48066224422283066     
 -0.51077041497714515       0.44490831517443052     
 -0.52624989042123205       0.40807082284494428     
 -0.54044615597739176       0.37023959192652683     
 -0.55329127586192584       0.33150920261619204     
 -0.56472306280099827       0.29197858822012218     
 -0.57468607137203254       0.25175056322407990     
 -0.58313250841647835       0.21093128763492641     
 -0.59002303374711540       0.16962967527262834     
 -0.59532742660589955       0.12795675541021537     
 -0.59902509668120185        8.6024998642531242E-002
 -0.60110542286337065        4.3947619042095293E-002
 -0.60156790813214323        1.8378654728452640E-003
 -0.60042214479488154       -4.0191684662796448E-002
 -0.59768759045126529       -8.2029815994385025E-002
 -0.59339316124189623      -0.12356733728131777     
 -0.58757665483511878      -0.16469770311977611     
 -0.58028402092692388      -0.20531758458466079     
 -0.57156850152162619      -0.24532737969117463     
 -0.56148966673175416      -0.28463165636239740     
 -0.55011237415876713      -0.32313952255351108     
 -0.53750568104056007      -0.36076492022635032     
 -0.52374173829907522      -0.39742684190728561     
 -0.50889469447962721      -0.43304947052085951     
 -0.49303963548497287      -0.46756224500480764     
 -0.47625158315329164      -0.50089985582553809     
 -0.45860457231467505      -0.53300217588756538     
 -0.44017082219690673      -0.56381413344134890     
 -0.42102001414207335      -0.59328553443129406     
 -0.40121868372519909      -0.62137084229205797     
 -0.38082973169082646      -0.64802892351041586     
 -0.35991205476610494      -0.67322276734404318     
 -0.33852029445697396      -0.69691918795603136     
 -0.31670469944035662      -0.71908851691685638     
 -0.29451109515122598      -0.73970429357744216     
 -0.27198095262313393      -0.75874296026106158     
 -0.24915154754663044      -0.77618356858932569     
 -0.22605619981802058      -0.79200750257658714     
 -0.20272458350631800      -0.80619822342202940     
 -0.17918309710829367      -0.81874104021960992     
 -0.15545528412761800      -0.82962291010854317     
 -0.13156229434323938      -0.83883227071256994     
 -0.10752337656742900      -0.84635890707229000     
  -8.3356394184369284E-002 -0.85219385466519582     
  -5.9078355261876492E-002 -0.85632933953352719     
  -3.4705949505684980E-002 -0.85875875599892515     
  -1.0256084749555625E-002 -0.85947668193139404     
   1.4253583974785770E-002 -0.85847893105315909     
   3.8804139478428437E-002 -0.85576264128966906     
   6.3374908081724204E-002 -0.85132639772394836     
   8.7942992332741207E-002 -0.84517038826065649     
  0.11248283719243252      -0.83729658965718623     
  0.13696583614967275      -0.82770898112670910     
  0.16135998381431543      -0.81641378225970707     
  0.18562958162820853      -0.80341971154573244     
  0.20973500339718204      -0.78873826130792968     
  0.23363252734091591      -0.77238398439406553     
  0.25727424123795944      -0.75437478750740838     
  0.28060802696327719      -0.73473222561997897     
  0.30357763022846679      -0.71348179150398627     
  0.32612282059534931      -0.69065319406231185     
  0.34817964580239397      -0.66628061885614431     
  0.36968078308972502      -0.64040296403986352     
  0.39055598851437473      -0.61306404484385724     
  0.41073264321194825      -0.58431275981902087     
  0.43013639320351843      -0.55420321229477454     
  0.44869187671075855      -0.52279478092502141     
  0.46632353009730287      -0.49015213381821021     
  0.48295646059574027      -0.45634518157650839     
  0.49851737102800964      -0.42144896560454770     
  0.51293551892376521      -0.38554347927988414     
  0.52614368994263294      -0.34871342098389985     
  0.53807916347409246      -0.31104787954071339     
  0.54868464687991580      -0.27263995425911930     
  0.55790915419842979      -0.23358631346522921     
  0.56570880535749635      -0.19398669709020444     
  0.57204752311296614      -0.15394337047229681     
  0.57689760705970594      -0.11356053797811738     
  0.58024016711466408       -7.2943726280090895E-002
  0.58206540274880969       -3.2199148087674212E-002
  0.58237271879483021        8.5669422279639057E-003
  0.58117067368062203        4.9248889385607453E-002
  0.57847676120060987        8.9742262669650144E-002
  0.57431703218482866       0.12994445492258816     
  0.56872556740568359       0.16975524464098601     
  0.56174381753775804       0.20907731186862907     
  0.55341982975400605       0.24781669995140951     
  0.54380738344616852       0.28588321679264128     
  0.53296505949825757       0.32319077095751930     
  0.52095526847941220       0.35965763975107817     
  0.50784326307519734       0.39520666816634198     
  0.49369615911663356       0.42976539930450630     
  0.47858198781000755       0.46326613845120684     
  0.46256879936606449       0.49564595440683135     
  0.44572383534198479       0.52684662288077033     
  0.42811278381741069       0.55681451774798907     
  0.40979912819525682       0.58550045672165707     
  0.39084359710272532       0.61285950851884785     
  0.37130371969941295       0.63885076889780679     
  0.35123348778263119       0.66343711304259101     
  0.33068312349155060       0.68658493168699952     
  0.30969894919979657       0.70826385813098525     
  0.28832335437277906       0.72844649293707975     
  0.26659485275064715       0.74710813262962505     
  0.24454822218092476       0.76422650818228977     
  0.22221471873293619       0.77978153849359533     
  0.19962235633547287       0.79375510343707845     
  0.17679624304029468       0.80613084044989902     
  0.15375896507511000       0.81689396800515668     
  0.13053101005925652       0.82603113870930467     
  0.10713122106479386       0.83353032418384021     
   8.3577273570955846E-002  0.83938073333380714     
   5.9886167742327856E-002  0.84357276507577006     
   3.6074728828482283E-002  0.84609799609376379     
   1.2160108809613428E-002  0.84694920371043669     
  -1.1839717319645966E-002  0.84612042349806149     
  -3.5905467039273366E-002  0.84360704080531235     
  -6.0016083855777259E-002  0.83940591493540795     
  -8.4148295159817282E-002  0.83351553427422076     
 -0.10827620065055894       0.82593620022868164     
 -0.13237089765647078       0.81667023739272870     
 -0.15640014978022460       0.80572222690811302     
 -0.18032810539544480       0.79309925953043192     
 -0.20411507259259207       0.77881120444895047     
 -0.22771735717273425       0.76287098944685905     
 -0.25108717017998039       0.74529488753426043     
 -0.27417261120210135       0.72610280475011335     
 -0.29691773320993536       0.70531856342541788     
 -0.31926269400698487       0.68297017484492895     
 -0.34114399838329246       0.65909009495809845     
 -0.36249483378246783       0.63371545659332573     
 -0.38324550067965907       0.60688827154574965     
 -0.40332393692898016       0.57865559596072103     
 -0.42265633308834699       0.54906965264453678     
 -0.44116783320712827       0.51818790432003781     
 -0.45878331283123186       0.48607307242185160     
 -0.47542822313008171       0.45279309680274588     
 -0.49102948719315692       0.41842103269922487     
 -0.50551643181361294       0.38303488247227196     
 -0.51882173562095013       0.34671736097880546     
 -0.53088237239833835       0.30955559491092177     
 -0.54164052697422826       0.27164075802272580     
 -0.55104446034866250       0.23306764579831943     
 -0.55904930081194748       0.19393419474148310     
 -0.56561773880896526       0.15434095302485554     
 -0.57072060522111068       0.11439051065937779     
 -0.57433731555093426        7.4186898570812385E-002
 -0.57645616611760164        3.3834966942580265E-002
 -0.57707447266630307       -6.5602461440609564E-003
 -0.57619854657734715       -4.6894144404475258E-002
 -0.57384350891124003       -8.7063190028262072E-002
 -0.57003294760447687      -0.12696549636057547     
 -0.56479842799322244      -0.16650138632010103     
 -0.55817887125815513      -0.20557390730817188     
 -0.55021981915259777      -0.24408929464885373     
 -0.54097260633948097      -0.28195737709261742     
 -0.53049346371457184      -0.31909191955263744     
 -0.51884257718443250      -0.35541089995554770     
 -0.50608312650509846      -0.39083671881090459     
 -0.49228032803095934      -0.42529634177307174     
 -0.47750050367616659      -0.45872137703040339     
 -0.46181019618949826      -0.49104809076366829     
 -0.44527534814534292      -0.52221736513384232     
 -0.42796055902424640      -0.55217460426553955     
 -0.40992843155946546      -0.58086959447470210     
 -0.39123901531198152      -0.60825632554654085     
 -0.37194935233648541      -0.63429278021009483     
 -0.35211312692144836      -0.65894069909459618     
 -0.33178041880707571      -0.68216532841109145     
 -0.31099755705808640      -0.70393515740515755     
 -0.28980706992071548      -0.72422165229960767     
 -0.26824772452932100      -0.74299899301666017     
 -0.24635464923285383      -0.76024381846295996     
 -0.22415953055588633      -0.77593498560187202     
 -0.20169087635305066      -0.79005334694658558     
 -0.17897433651318134      -0.80258155050250823     
 -0.15603307257066640      -0.81350386558245491     
 -0.13288816773676898      -0.82280603732402879     
 -0.10955906912542465      -0.83047517216280853     
  -8.6064054272586246E-002 -0.83649965596188958     
  -6.2420714397072065E-002 -0.84086910596968467     
  -3.8646447191540090E-002 -0.84357435727309249     
  -1.4758952238595545E-002 -0.84460748392979412     
   9.2232776002229566E-003 -0.84396185449777850     
   3.3280475288308749E-002 -0.84163222122759684     
   5.7391135561914330E-002 -0.83761484173826284     
   8.1531574029921006E-002 -0.83190763155616831     
  0.10567551575334609      -0.82451034545343405     
  0.12979371970211689      -0.81542478507428584     
  0.15385364558543002      -0.80465502988330573     
  0.17781916965354755      -0.79220768800755736     
  0.20165035614111287      -0.77809216307767948     
  0.22530329102796642      -0.76232093270572188     
  0.24872998469198479      -0.74490983377728293     
  0.27187834977599062      -0.72587834929296358     
  0.29469226014285549      -0.70524989108296365     
  0.31711169610669199      -0.68305207235549525     
  0.33907298016513998      -0.65931696374393545     
  0.36050910618766108      -0.63408132631079916     
  0.38135016341850986      -0.60738681487150348     
  0.40152385472705332      -0.57928014504060976     
  0.42095610629790547      -0.54981321759975632     
  0.43957176343669963      -0.51904319415918732     
  0.45729536443646612      -0.48703251864863467     
  0.47405198159200795      -0.45384887993719414     
  0.48976811557698391      -0.41956511184680528     
  0.50437262664317439      -0.38425902798178307     
  0.51779768361140988      -0.34801319012898435     
  0.52997970955399298      -0.31091461046020485     
  0.54086030157156295      -0.27305438935019544     
  0.55038710128159229      -0.23452729226048397     
  0.55851459267342962      -0.19543127077334388     
  0.56520480492111780      -0.15586693442886562     
  0.57042789960834095      -0.11593698145628176     
  0.57416262458468514       -7.5745597735353790E-002
  0.57639662025776683       -3.5397834317310105E-002
  0.57712656839655052        5.0010254704484364E-003
  0.57635817829483882        4.5346097951087155E-002
  0.57410601020179619        8.5533518665212888E-002
  0.57039314102812433       0.12546103853718160     
  0.56525068223695030       0.16502858629376813     
  0.55871716429486074       0.20413878779440839     
  0.55083780588672993       0.24269743420647949     
  0.54166368912611718       0.28061389244530771     
  0.53125086411103939       0.31780145293308049     
  0.51965940732968763       0.35417761144615861     
  0.50695245861612093       0.38966428354928706     
  0.49319526064885894       0.42418795179470720     
  0.47845422347702027       0.45767974743809864     
  0.46279603438458883       0.49007546984501987     
  0.44628683072064290       0.52131554799546487     
  0.42899145029843688       0.55134494951635549     
  0.41097277076341748       0.58011304346979475     
  0.39229114610197818       0.60757342369693323     
  0.37300394534194858       0.63368369987086959     
  0.35316519559094489       0.65840526356223572     
  0.33282532895123129       0.68170303658882192     
  0.31203103059379855       0.70354520873038784     
  0.29082518339828689       0.72390297156826788     
  0.26924690307458421       0.74275025478348877     
  0.24733165656265022       0.76006347074287428     
  0.22511145573058308       0.77582127264401513     
  0.20261511791760856       0.79000433089824773     
  0.17986858465215225       0.80259513182389841     
  0.15689528986579332       0.81357780211450392     
  0.13371656907170157       0.82293796194952307     
  0.11035210123319147       0.83066260903584643     
   8.6820375370200764E-002  0.83674003531176044     
   6.3139174299859380E-002  0.84115977751275062     
   3.9326068248884585E-002  0.84391260229017251     
   1.5398911383828408E-002  0.84499052608704051     
  -8.6236654395251966E-003  0.84438686950627373     
  -3.2721772216967975E-002  0.84209634545108603     
  -5.6873794018888292E-002  0.83811517986976380     
  -8.1055948241472442E-002  0.83244126349286074     
 -0.10524187124996214       0.82507433250536344     
 -0.12940224084578120       0.81601617564615880     
 -0.15350444108702310       0.80527086477006715     
 -0.17751227609280912       0.79284500544357051     
 -0.20138573953429278       0.77874800367617003     
 -0.22508084652148175       0.76299234441966635     
 -0.24854953449440070       0.74559387700505830     
 -0.27173963947557167       0.72657210224176827     
 -0.29459495359366900       0.70595045549021140     
 -0.31705536910238657       0.68375657965304437     
 -0.33905711315535830       0.66002258173216932     
 -0.36053307632656512       0.63478526638930977     
 -0.38141323626674994       0.60808633985063731     
 -0.40162517595610836       0.57997257753370968     
 -0.42109469376723224       0.55049594897000342     
 -0.43974650002761018       0.51971369396807066     
 -0.45750499203017719       0.48768834452595827     
 -0.47429509657107288       0.45448768776598314     
 -0.49004316620786015       0.42018466613143290     
 -0.50467791266201878       0.38485721224509162     
 -0.51813135828499635       0.34858801716514187     
 -0.53033978442338991       0.31146423225550457     
 -0.54124465400924149       0.27357710647485767     
 -0.55079348490523405       0.23502156253149128     
 -0.55894065056503472       0.19589571699193886     
 -0.56564808550196266       0.15630035100680148     
 -0.57088587492338461       0.11633833976216455     
 -0.57463271065888144        7.6114050016042850E-002
 -0.57687619910610788        3.5732716078615293E-002
 -0.57761301120384445       -4.7001947056538249E-003
 -0.57684886923378698       -4.5079615552018920E-002
 -0.57459837033148509       -8.5301501475222877E-002
 -0.57088465171095071      -0.12526342709498944     
 -0.56573890753033451      -0.16486515062211288     
 -0.55919977181362412      -0.20400913464906656     
 -0.55131258569026609      -0.24260101564738518     
 -0.54212857025803229      -0.28055001556544745     
 -0.53170392850360548      -0.31776929056069986     
 -0.52009890087668120      -0.35417621362206753     
 -0.50737679931078783      -0.38969258957382269     
 -0.49360304377446473      -0.42424480263803521     
 -0.47884422392186288      -0.45776389831256559     
 -0.46316720622830082      -0.49018560274854667     
 -0.44663830430177781      -0.52145028404967109     
 -0.42932252702328200      -0.55150286094130085     
 -0.41128291595211336      -0.58029266505794874     
 -0.39257998019054674      -0.60777326367128703     
 -0.37327123376857363      -0.63390225003508716     
 -0.35341083769314974      -0.65864100867360764     
 -0.33304934618913568      -0.68195446290684714     
 -0.31223355439528300      -0.70381081171451698     
 -0.29100644289656502      -0.72418126271727656     
 -0.26940721297924353      -0.74303976762582358     
 -0.24747140537337214      -0.76036276600195962     
 -0.22523109446999751      -0.77612894261485943     
 -0.20271514952731751      -0.79031900308177161     
 -0.17994955416486619      -0.80291547187331225     
 -0.15695777543748890      -0.81390251615393649     
 -0.13376117393122228      -0.82326579832912206     
 -0.11037944658305174      -0.83099235958993567     
  -8.6831094251612034E-002 -0.83707053618754856     
  -6.3133906417123700E-002 -0.84148990963674719     
  -3.9305455733127201E-002 -0.84424129153806604     
  -1.5363595463319717E-002 -0.84531674322049843     
   8.6730469057799062E-003 -0.84470962993709386     
   3.2784586394446619E-002 -0.84241470888948256     
   5.6949414000921343E-002 -0.83842824990941811     
   8.1143753266212926E-002 -0.83274818718078325     
  0.10534124630164049      -0.82537429993966838     
  0.12951257571554040      -0.81630841963958056     
  0.15362512897281522      -0.80555466061148351     
  0.17764271182172353      -0.79311967078396284     
  0.20152531749433991      -0.77901289855935907     
  0.22522895839326698      -0.76324687147183035     
  0.24870556687619161      -0.74583748179049691     
  0.27190297149782905      -0.72680427378564882     
  0.29476495462093327      -0.70617072696218353     
  0.31723139662118066      -0.68396452919870088     
  0.33923851094613883      -0.66021783343247120     
  0.36071917301532996      -0.63496749132139807     
  0.38160334434730875      -0.60825525721708651     
  0.40181859136687542      -0.58012795582140519     
  0.42129069609639980      -0.55063760709465726     
  0.43994435340750837      -0.51984150235613169     
  0.45770394676544779      -0.48780222608255036     
  0.47449439152608780      -0.45458761867572423     
  0.49024203195691951      -0.42027067643873983     
  0.50487557538177907      -0.38492938616201527     
  0.51832704434307497      -0.34864649305800000     
  0.53053272559110731      -0.31150920226662249     
  0.54143409320112479      -0.27360881574254375     
  0.55097868232444724      -0.23504030797983244     
  0.55912089011357347      -0.19590184567188229     
  0.56582268129848057      -0.15629425798098864     
  0.57105417776095047      -0.11632046553772210     
  0.57479411423062710       -7.6084877541578194E-002
  0.57703014582912537       -3.5692767333539412E-002
  0.57775899748094184        4.7503624901265237E-003
  0.57698645000855975        4.5139413990725713E-002
  0.57472716281391600        8.5370315387699847E-002
  0.57100433817739427       0.12534061906011745     
  0.56584923713195490       0.16495006565935430     
  0.55930056135961637       0.20410110495452743     
  0.55140371940490507       0.24269936531287079     
  0.54220999854219143       0.28065406521082420     
  0.53177566576042590       0.31787836181405404     
  0.52016102248634311       0.35428963338809805     
  0.50742943785991879       0.38980969403829235     
  0.49364638466101973       0.42436494096456373     
  0.47887850046608249       0.45788643599718948     
  0.46319269442465943       0.49030992460691564     
  0.44665531734603636       0.52157579682113819     
  0.42933140974342704       0.55162899550317812     
  0.41128403926284407       0.58041887825157723     
  0.39257373567889664       0.60789903974909998     
  0.37325802850408701       0.63402710174438603     
  0.35339108934061714       0.65876447799822924     
  0.33302347848599989       0.68207612149224928     
  0.31220199304012297       0.70393026100505784     
  0.29096961188010462       0.72429813383666519     
  0.26936553137553004       0.74315372103295230     
  0.24742528459642613       0.76047349095470218     
  0.22518093599051831       0.77623615647403843     
  0.20266134303501765       0.79042245048648963     
  0.17989247615468140       0.80301492381731732     
  0.15689778819218986       0.81399776899077059     
  0.13369862486870632       0.82335667273157997     
  0.11031466793365124       0.83107869948693558     
   8.6764403028939230E-002  0.83715220769896137     
   6.3065604645092005E-002  0.84156680002411777     
   3.9235830891662417E-002  0.84431330818653416     
   1.5292921115731656E-002  0.84538381266463536     
  -8.7445103399064888E-003  0.84477169694084187     
  -3.2856590755791754E-002  0.84247173558793642     
  -5.7021722429960474E-002  0.83848021501783920     
  -8.1216139197794024E-002  0.83279508527399360     
 -0.10541349244508973       0.82541614080283732     
 -0.12958447304917370       0.81634522768939510     
 -0.15369647578009579       0.80558647438478836     
 -0.17771331279462152       0.79314654248916483     
 -0.20159498292768954       0.77903489368422651     
 -0.22529750349201969       0.76326406843978511     
 -0.24877281119537858       0.74584997165610867     
 -0.27196873853269948       0.72681215995881976     
 -0.29482907156205446       0.70617412494947596     
 -0.31729369428621668       0.68396356634944078     
 -0.33929882389650501       0.66021264867668539     
 -0.36077733986192267       0.63495823488635084     
 -0.38165920824503291       0.60824209030919851     
 -0.40187200069275764       0.58011105026070553     
 -0.42134150530076414       0.55061714488965208     
 -0.43999242402210936       0.51981767520810440     
 -0.45774914854676851       0.48777523480983059     
 -0.47453660370642786       0.45455767255038065     
 -0.49028114457064870       0.42023799243043525     
 -0.50491149062950302       0.38489418808637005     
 -0.51835967795271676       0.34860901062967986     
 -0.53056200813233334       0.31146967006041654     
 -0.54145997130838308       0.27356747206882970     
 -0.55100111978432920       0.23499739368392664     
 -0.55913986877438548       0.19585760286971965     
 -0.56583820176385369       0.15624892874624990     
 -0.57106625983494919       0.11627429055780346     
 -0.57480279708898319        7.6038094761574637E-002
 -0.57703548789963233        3.5645610608600373E-002
 -0.57776107602534021       -4.7976647131734440E-003
 -0.57698536040800075       -4.5186639941733497E-002
 -0.57472301756982913       -8.5417251171621550E-002
 -0.57099726564884845      -0.12538705976704095     
 -0.56583938003892709      -0.16499581636976585     
 -0.55928807508859713      -0.20414598162596764     
 -0.55138877015866428      -0.24274319553707413     
 -0.54219276137910954      -0.28069668883361182     
 -0.53175632257047367      -0.31791963141354496     
 -0.52013975995060191      -0.35432941461008710     
 -0.50740644543859403      -0.38984786579078867     
 -0.49362185265143976      -0.42440139547638944     
 -0.47885261816746377      -0.45792107874811189     
 -0.46316564844078628      -0.49034267413896693     
 -0.44662729005078095      -0.52160658444252161     
 -0.42930257792755111      -0.55165776489745022     
 -0.41125457297408402      -0.58044558500563614     
 -0.39254379726118938      -0.60792365081391941     
 -0.37322777183616318      -0.63404959484245083     
 -0.35336065926921739      -0.65878484099129608     
 -0.33299301044476026      -0.68209435172242927     
 -0.31217161284177247      -0.70394636462135329     
 -0.29093943566702302      -0.72431212511804488     
 -0.26933566571189266      -0.74316562171787737     
 -0.24739582668404861      -0.76048332958576081     
 -0.22515197399002829      -0.77624396776506277     
 -0.20263295647402502      -0.79042827471824451     
 -0.17986473640509826      -0.80301880626660138     
 -0.15687075899966640      -0.81399975939657798     
 -0.13367236291821086      -0.82335682480085270     
 -0.11028922343644790      -0.83107707044140411     
  -8.6739820317539018E-002 -0.83714885786363180     
  -6.3041922764108305E-002 -0.84156179245711937     
  -3.9213084173850762E-002 -0.84430670834928889     
  -1.5271139733798223E-002 -0.84537568813065478     
   8.7652998539029039E-003 -0.84476211714088156     
   3.2876365030454671E-002 -0.84246077158874977     
   5.7040460819915845E-002 -0.83846793933135566     
   8.1233823399312760E-002 -0.83278157169340372     
  0.10543010616594736      -0.82540146426178740     
  0.12960000173582653      -0.81632946414027951     
  0.15371090640438742      -0.80556970069197242     
  0.17772663370138131      -0.79312883633287568     
  0.20160718374371966      -0.77901633347081534     
  0.22530857509607302      -0.76324473321409025     
  0.24878274574779152      -0.74582994101174482     
  0.27197752956234283      -0.72679151394238084     
  0.29483671410720796      -0.70615294395487627     
  0.31730018508484631      -0.68394193099893708     
  0.33930416162024818      -0.66019063968551972     
  0.36078152538688418      -0.63493593290843786     
  0.38166224495129014      -0.60821957576184760     
  0.40187389478331836      -0.58008840312701526     
  0.42134226612965753      -0.55059444449793926     
  0.43999206442038730      -0.51979499998851220     
  0.45774768513451375      -0.48775266202909623     
  0.47453405717847136      -0.45453527802660321     
  0.49027753994365886      -0.42021585023054708     
  0.50490685743847519      -0.38487237020985382     
  0.51835405038570215      -0.34858758668285467     
  0.53055542509352882      -0.31144870692630766     
  0.54145247640143901      -0.27354703357820692     
  0.55099276120990559      -0.23497754029351353     
  0.55913069913852231      -0.19583839135381698     
  0.56582827779653389      -0.15623041190805959     
  0.57105564202121284      -0.11625651696657469     
  0.57479154921795617       -7.6021108521317743E-002
  0.57702367653972475       -3.5629451163537010E-002
  0.57774876993650637        4.8129627320184429E-003
  0.57697262990419318        4.5201046825311966E-002
  0.57470993384651592        8.5430742194568088E-002
  0.57098390009160205       0.12539961520098025     
  0.56582580352959322       0.16500742144805178     
  0.55927435732538922       0.20415662646082902     
  0.55137497900573318       0.24275287499123036     
  0.54217896225977380       0.28070540234941455     
  0.53174257791644630       0.31792738280356581     
  0.52012612871733266       0.35433621181377911     
  0.50739298269438582       0.38985372060238610     
  0.49360860924542682       0.42440632324956595     
  0.47883964047897620       0.45792509808309428     
  0.46315297821018830       0.49034580655780746     
  0.44661496428965008       0.52160885405808299     
  0.42929062890413272       0.55165919808137232     
  0.41124302826835840       0.58044621006015740     
  0.39253267988265544       0.60792349765194331     
  0.37321710039657052       0.63404869467970326     
  0.35335044820195682       0.65878322605384021     
  0.33298327026242047       0.68209205497220959     
  0.31216235042344764       0.70394341950185091     
  0.29093065456726758       0.72430856532155963     
  0.26932736648371408       0.74316148097541956     
  0.24738800720896048       0.76047864148004685     
  0.22514462980890815       0.77623876556667037     
  0.20262608111329197       0.79042259124460079     
  0.17985832169351043       0.80301267376314656     
  0.15686479537180842       0.81399320943917319     
  0.13366683970147378       0.82334988821827637     
  0.11028412911898244       0.83106977725660514     
   8.6735142795276082E-002  0.83714123725227441     
   6.3037649565484216E-002  0.84155387272185833     
   3.9209202661343978E-002  0.84429851690815239     
   1.5267637281784976E-002  0.84536725151787728     
  -8.7684357051329813E-003  0.84475346101851800     
  -3.2879146444407335E-002  0.84245192076740949     
  -5.7042899556987381E-002  0.83845891779842041     
  -8.1235930732752482E-002  0.83277240264712771     
 -0.10543189282002030       0.82539217014972632     
 -0.12960147784538639       0.81632006670054924     
 -0.15371208149496018       0.80556022099590208     
 -0.17772751668875450       0.79311929482768928     
 -0.20160778295192894       0.77900675002105424     
 -0.22530889829256273       0.76323512714057484     
 -0.24878280019439675       0.74582033112696711     
 -0.27197732208060021       0.72678191858132513     
 -0.29483625115633616       0.70614338100038154     
 -0.31729947285056126       0.68393241790084225     
 -0.33930320611238390       0.66018119347297533     
 -0.36078033254359221       0.63492657019492382     
 -0.38166082074739249       0.60821031274260640     
 -0.40187224534020166       0.58007925556879225     
 -0.42134039782394023       0.55058542772111640     
 -0.43998998398847067       0.51978612884192343     
 -0.45774539977006473       0.48774395085801892     
 -0.47453157461989554       0.45452674063462623     
 -0.49027486854871327       0.42020749983621630     
 -0.50490400624335907       0.38486421939918114     
 -0.51835102914625786       0.34857964735894309     
 -0.53055224430657633       0.31144099025748273     
 -0.54144914730476579       0.27353954994614915     
 -0.55098929576001265       0.23497029924294827     
 -0.55912710996588433       0.19583140154533635     
 -0.56582457813882892       0.15622368107561832     
 -0.57105184563569178       0.11625005188111989     
 -0.57478767027482558        7.6014914961882091E-002
 -0.57701972949906566        3.5623533896947487E-002
 -0.57774476941182029       -4.8185999618799366E-003
 -0.57696859051612515       -4.5206401298008701E-002
 -0.57470587007062379       -8.5435812202952377E-002
 -0.57097982610421516      -0.12540440003024744     
 -0.56582173305581251      -0.16501192134415432     
 -0.55927030349314144      -0.20416084258867423     
 -0.55137095420950255      -0.24275680938333941     
 -0.54217497803721892      -0.28070905784594474     
 -0.53173864484059796      -0.31793076298478662     
 -0.52012225630648223      -0.35433932092624038     
 -0.50738917934114713      -0.38985656348012065     
 -0.49360488216582371      -0.42440890523172831     
 -0.47883599568179303      -0.45792742492945382     
 -0.46314942048625535      -0.49034788436349169     
 -0.44661149722023280      -0.52161068916890796     
 -0.42928725488717367      -0.55166079701101012     
 -0.41123974856098688      -0.58044757941027925     
 -0.39252949465813664      -0.60792464403634883     
 -0.37321400881371419      -0.63404962465330883     
 -0.35334744848493344      -0.65878394604725421     
 -0.33298035978893514      -0.68209257123247968     
 -0.31215952581928785      -0.70394373803982979     
 -0.29092791180535310      -0.72430869186620450     
 -0.26932470098592959      -0.74316142093521953     
 -0.24738541394922675      -0.76047839991166544     
 -0.22514210341613694      -0.77623834715079498     
 -0.20262361597306244      -0.79042200026890941     
 -0.17985591204749313      -0.80301191411223394     
 -0.15686243541413888      -0.81399228459122364     
 -0.13366452367143825      -0.82334880124822429     
 -0.11028185138951718      -0.83106853084549048     
  -8.6732897956897981E-002 -0.83713983370247336     
  -6.3035432505362698E-002 -0.84155231397784880     
  -3.9207008637293275E-002 -0.84429680458245937     
  -1.5265461990998441E-002 -0.84536538692182928     
   8.7705960627615306E-003 -0.84475144519743595     
   3.2881295108529551E-002 -0.84244975453983884     
   5.7045039154784205E-002 -0.83845660179900394     
   8.1238063232858662E-002 -0.83276993737270388     
  0.10543401949263578      -0.82538955600821939     
  0.12960359922887288      -0.81631730406219827     
  0.15371419736927627      -0.80555731024634891     
  0.17772962605614012      -0.79311623642241913     
  0.20160988402529542      -0.77900354454064846     
  0.22531098849208783      -0.76323177534620235     
  0.24878487615284542      -0.74581683401550314     
  0.27197937965788932      -0.72677827743945089     
  0.29483828546383994      -0.70613959745698207     
  0.31730147828559085      -0.68392849397699074     
  0.33930517640318064      -0.66017713162876812     
  0.36078226080503811      -0.63492237337241542     
  0.38166269954746301      -0.60820598440409301     
  0.40187406677696913      -0.58007479972970521     
  0.42134215361267696      -0.55058084897681780     
  0.43999166555811164      -0.51978143238774999     
  0.45774699836797661      -0.48773914250199163     
  0.47453308142356587      -0.45452182680234199     
  0.49027627478265373      -0.42020248756755624     
  0.50490530329920214      -0.38485911633661207     
  0.51835220870375298      -0.34857446172734935     
  0.53055329845297361      -0.31143573083564119     
  0.54145006864992562      -0.27353422603014638     
  0.55099007754451657      -0.23496492060203023     
  0.55912774615946326      -0.19582597837086779     
  0.56582506352656536      -0.15621822392400822     
  0.57105217588970891      -0.11624457161172859     
  0.57478784200952482       -7.6009422671061838E-002
  0.57701974030842629       -3.5618040849471996E-002
  0.57774461788779108        4.8240824026733811E-003
  0.57696827624770619        4.5211861740012821E-002
  0.57470539362383499        8.5441239293681276E-002
  0.57097918898373545       0.12540978252254276     
  0.56582093764963026       0.16501724815801688     
  0.55926935300205760       0.20416610286816092     
  0.55136985256374393       0.24276199254762298     
  0.54217372980273926       0.28071415363381474     
  0.53173725511785719       0.31793576149206476     
  0.52012073062459119       0.35434421263578614     
  0.50738752355025829       0.38986133928430422     
  0.49360310233053206       0.42441355644744150     
  0.47883409797811644       0.45793194330590964     
  0.46314741110449054       0.49035226208322397     
  0.44660938227565850       0.52161491884252009     
  0.42928504034021819       0.55166487166633538     
  0.41123744014810321       0.58045149247670258     
  0.39252709783425943       0.60792838932510074     
  0.37321152870681951       0.63405319633457813     
  0.35334488986289597       0.65878733862498084     
  0.33297772703858947       0.68209577951768208     
  0.31215682293735036       0.70394675712329657     
  0.29092514240065848       0.72431151709134267     
  0.26932186829227356       0.74316404787180179     
  0.24738252084798698       0.76048082433116093     
  0.22513915246776084       0.77624056500390415     
  0.20262060945646013       0.79042400766585641     
  0.17985285200634979       0.80301370730630095     
  0.15685932370915756       0.81399385996594198     
  0.13366136203753509       0.82335015530856948     
  0.11027864149701283       0.83106966021336037     
   8.6729641475773292E-002  0.83714073511666454     
   6.3032131171672279E-002  0.84155298429868164     
   3.9203664320851546E-002  0.84429724080114121     
   1.5262076763467164E-002  0.84536558617458391     
  -8.7740198602493900E-003  0.84475140478436650     
  -3.2884754799079874E-002  0.84244947194843089     
  -5.7048531661668594E-002  0.83845607473211414     
  -8.1241585018567597E-002  0.83276916378081445     
 -0.10543756650199895       0.82538853412567448     
 -0.12960716683722381       0.81631603244706885     
 -0.15371778033668154       0.80555578782350112     
 -0.17773321848874896       0.79311446252928874     
 -0.20161347934489685       0.77900151897514591     
 -0.22531457941497979       0.76322949841609733     
 -0.24878845467911642       0.74581430658855918     
 -0.27198293707218396       0.72677550099350630     
 -0.29484181234861428       0.70613657412910324     
 -0.31730496454775825       0.68392522661076016     
 -0.33930861131489620       0.66017362381871747     
 -0.36078563305916211       0.63491862950457612     
 -0.38166599732798706       0.60820200969161697     
 -0.40187727784437177       0.58007060024251089     
 -0.42134526540380640       0.55057643166424441     
 -0.43999466529978359       0.51977680509325952     
 -0.45774987320302529       0.48773431396904776     
 -0.47453581854761889       0.45451680667071442     
 -0.49027886158943307       0.42019728635945408     
 -0.50490772753170532       0.38485374543223472     
 -0.51835445860826601       0.34856893332965611     
 -0.53055536293253325       0.31143005792437878     
 -0.54145193741361308       0.27352842230542584     
 -0.55099174124884476       0.23495900041800671     
 -0.55912919653813020       0.19581995666033758     
 -0.56582629350501001       0.15621211611498687     
 -0.57105317968121250       0.11623839353730199     
 -0.57478861519005220        7.6003190473998339E-002
 -0.57702027986798454        3.5611770883239420E-002
 -0.57774492225676788       -4.8303736747343368E-003
 -0.57696834529741559       -4.5218157845553435E-002
 -0.57470522864130147       -8.5447523850444546E-002
 -0.57097879262155260      -0.12541603933395323     
 -0.56582031385250120      -0.16502346130362833     
 -0.55926850691231600      -0.20417225678749046     
 -0.55136879040875064      -0.24276807211610302     
 -0.54217245876751019      -0.28072014422982872     
 -0.53173578320659476      -0.31794164905429034     
 -0.52011906651496131      -0.35434998371033766     
 -0.50738567644427079      -0.38986698106143663     
 -0.49360108180575918      -0.42441905678783975     
 -0.47883191384274293      -0.45793729075683176     
 -0.46314507325934057      -0.49035744588498559     
 -0.44660690058592578      -0.52161992892600040     
 -0.42928242451915349      -0.55166969864234117     
 -0.41123469965441828      -0.58045612761815046     
 -0.39252424178450895      -0.60793282454306607     
 -0.37320856580354295      -0.63405742414931410     
 -0.35334182833885802      -0.65879135213303419     
 -0.33297457461705904      -0.68209957235622831     
 -0.31215358680801414      -0.70395032343278929     
 -0.29092182921047954      -0.72431485147752284     
 -0.26931848415037840      -0.74316714536804929     
 -0.24737907134349232      -0.76048368036209379     
 -0.22513564269933226      -0.77624317535104703     
 -0.20261704407231940      -0.79042636843610936     
 -0.17984923525341098      -0.80301581490384810     
 -0.15685565948996599      -0.81399571106814572     
 -0.13365765397369855      -0.82335174684630463     
 -0.11027489299784790      -0.83107098935615398     
  -8.6725855810929342E-002 -0.83714179926291898     
  -6.3028311546541010E-002 -0.84155378107117684     
  -3.9199813953610642E-002 -0.84429776804792955     
  -1.5258198962644812E-002 -0.84536584197531472     
   8.7779216187744598E-003 -0.84475138746200051     
   3.2888676796710314E-002 -0.84244918008623082     
   5.7052469864413369E-002 -0.83845550719572193     
   8.1245535008121206E-002 -0.83276831974515342     
  0.10544152341165074      -0.82538741310633790     
  0.12961112529369118      -0.81631463433577955     
  0.15372173440897860      -0.80555411292715107     
  0.17773716164522332      -0.79311251161198548     
  0.20161740441957859      -0.77899929330261497     
  0.22531847858437953      -0.76322699980170838     
  0.24879231945058883      -0.74581153744016715     
  0.27198675828492042      -0.72677246436022269     
  0.29484558018823637      -0.70613327374704615     
  0.31730866857535750      -0.68392166694677115     
  0.33931224051118275      -0.66016981011098830     
  0.36078917588415460      -0.63491456779909750     
  0.38166944179638806      -0.60819770687335029     
  0.40188061161642841      -0.58006606406020034     
  0.42134847589106761      -0.55057167074782565     
  0.43999773978472573      -0.51977182896289487     
  0.45775279897105126      -0.48772913303492127     
  0.47453858302945851      -0.45451143222285917     
  0.49028145251149263      -0.42019173054705466     
  0.50491013307146937      -0.38484802123205181     
  0.51835666755146148      -0.34856305450344949     
  0.53055736482845484      -0.31142403896545767     
  0.54145372272479730      -0.27352227837472187     
  0.55099330149120218      -0.23495274727033771     
  0.55913052440770628      -0.19581361056179827     
  0.56582738298775603      -0.15620569375265536     
  0.57105402614251788      -0.11623191192267911     
  0.57478921544130313       -7.5996666841787880E-002
  0.57702063220804978       -3.5605222587224393E-002
  0.57774502648706405        4.8369292668700922E-003
  0.57696820271001170        4.5224703456570918E-002
  0.57470484198036909        8.5454042395196758E-002
  0.57097816601930407       0.12542251401654805     
  0.56581945274154377       0.16502987570845612     
  0.55926741791704992       0.20417859496264962     
  0.55136748121902257       0.24277431864798121     
  0.54217093799817351       0.28072628430785335     
  0.53173406024691727       0.31794766852513756     
  0.52011715137194614       0.35435586912117378     
  0.50738357958392744       0.38987271969204873     
  0.49359881399619360       0.42442463667178226     
  0.47882948600263547       0.45794270069196674     
  0.46314249631498972       0.49036267543401602     
  0.44660418533956897       0.52162496840778583     
  0.42927958153076140       0.55167453911493913     
  0.41123173913863093       0.58046076085464327     
  0.39252117352385607       0.60793724300131324     
  0.37320539907858868       0.63406162093681451     
  0.35333857187545442       0.65879532096809634     
  0.33297123655048466       0.68210330752663029     
  0.31215017466342970       0.70395381975307036     
  0.29091834989884946       0.72431810424598986     
  0.26931494397878658       0.74317015032450495     
  0.24737547603862020       0.76048643364720836     
  0.22513199744275919       0.77624567346820150     
  0.20261335354624516       0.79042860821643868     
  0.17984550369537802       0.80301779347511515     
  0.15685189075516767       0.81399742582797685     
  0.13365385160349078       0.82335319544022123     
  0.11027106029312722       0.83107216966074016     
   8.6721995909095184E-002  0.83714270937437685     
   6.3024427500814661E-002  0.84155441929943386     
   3.9195908813537635E-002  0.84429813291638145     
   1.5254275854652964E-002  0.84536593222620715     
  -8.7818594118520277E-003  0.84475120206737753     
  -3.2892625758212446E-002  0.84244871826430268     
