  -3.3383575106008007E-002  0.52126192534087823     
  -6.3843990283526816E-002  0.51679284602103137     
  -9.1360571797204332E-002  0.51039760599522710     
 -0.11592839871204733       0.50228261808538377     
 -0.13755753995154502       0.49265359028877564     
 -0.15627238969400017       0.48171452301019563     
 -0.17211107969599748       0.46966674743147580     
 -0.18512494490056333       0.45670800128843636     
 -0.19537801821073614       0.44303154001368483     
 -0.20294653131231657       0.42882528282182270     
 -0.20791840062726713       0.41427099477791401     
 -0.21039268058172203       0.39954350713719344     
 -0.21047897009229732       0.38480997923073262     
 -0.20829676223422480       0.37022920587433689     
 -0.20397473119700707       0.35595097469054637     
 -0.19764995462845897       0.34211547786655422     
 -0.18946707312344924       0.32885278274791280     
 -0.17957739177981344       0.31628236532332588     
 -0.16813793131834018       0.30451271013104209     
 -0.15531043819219847       0.29364097945758821     
 -0.14126036438559211       0.28375275395059674     
 -0.12615582825494553       0.27492184597275054     
 -0.11016656786562026       0.26721018622215714     
  -9.3462897915069398E-002  0.26066778336810226     
  -7.6214680616652708E-002  0.25533275572493658     
  -5.8590319959612530E-002  0.25123143332776371     
  -4.0755787668823748E-002  0.24837852819094605     
  -2.2873688060430129E-002  0.24677737002671593     
  -5.1023679067167399E-003  0.24642020427324576     
   1.2404923555094729E-002  0.24728854892210239     
   2.9500820173383929E-002  0.24935360633423925     
   4.6044566378362711E-002  0.25257672598072467     
   6.1902683545048284E-002  0.25690991382887807     
   7.6949572553924817E-002  0.26229638390765281     
   9.1068050201794176E-002  0.26867114742177839     
  0.10414981739284496       0.27596163463927753     
  0.11609585732048611       0.28408834465171157     
  0.12681676217873189       0.29296551800422282     
  0.13623298735588782       0.30250182711913498     
  0.14427503259060392       0.31260107940047727     
  0.15088355022569500       0.32316292791627593     
  0.15600938147875482       0.33408358461978876     
  0.15961352254622052       0.34525653119802419     
  0.16166702334132779       0.35657322283191711     
  0.16215082269701725       0.36792378042070834     
  0.16105552489447378       0.37919766716332148     
  0.15838112335380256       0.39028434579808768     
  0.15413667819145480       0.40107391327148950     
  0.14833995505821301       0.41145771012556442     
  0.14101703317684747       0.42132890244794374     
  0.13220189076414757       0.43058303480143406     
  0.12193597602342279       0.43911855312307368     
  0.11026777161892583       0.44683729713639847     
   9.7252359994214249E-002  0.45364496233599350     
   8.2950996086159537E-002  0.45945153206202466     
   6.7430692940646006E-002  0.46417168056786989     
   5.0763824490461337E-002  0.46772514828220219     
   3.3027748353981139E-002  0.47003709066698085     
   1.4304450004465898E-002  0.47103840216729348     
  -5.3197919024758223E-003  0.47066601673412017     
  -2.5754720815966012E-002  0.46886318627700257     
  -4.6906401466476018E-002  0.46557973817434928     
  -6.8677507596153847E-002  0.46077231264261853     
  -9.0967604129808172E-002  0.45440458035353198     
 -0.11367343067937148       0.44644744020597599     
 -0.13668919401669219       0.43687919662480751     
 -0.15990687758520014       0.42568571519384352     
 -0.18321657621340293       0.41286055485890533     
 -0.20650686391227174       0.39840507438504630     
 -0.22966520196300816       0.38232851024763570     
 -0.25257839342086602       0.36464802270817509     
 -0.27513308867725517       0.34538870650076725     
 -0.29721634485460102       0.32458356236094515     
 -0.31871623959282797       0.30227342558944720     
 -0.33952253727937454       0.27850684797989100     
 -0.35952740305400116       0.25333992976611092     
 -0.37862615708397851       0.22683609877023242     
 -0.39671805877247995       0.19906583465615882     
 -0.41370710786667675       0.17010633710549145     
 -0.42950284701566693       0.14004113781439476     
 -0.44402114833786049       0.10895965743074451     
 -0.45718496513196105        7.6956709871507240E-002
 -0.46892502912747064        4.4131957832584293E-002
 -0.47918047371471256        1.0589324672554412E-002
 -0.48789936447894344       -2.3563630840971635E-002
 -0.49503912010200307       -5.8216369248111854E-002
 -0.50056680925264863       -9.3256045895797252E-002
 -0.50445931237729724      -0.12856819776220807     
 -0.50670334119288163      -0.16403743164570977     
 -0.50729531299890296      -0.19954810355563299     
 -0.50624108146277702      -0.23498497925802739     
 -0.50355553007122344      -0.27023386636301305     
 -0.49926203875972308      -0.30518220907619364     
 -0.49339183812522397      -0.33971963774495934     
 -0.48598326891593974      -0.37373846656907511     
 -0.47708096703766850      -0.40713413426171191     
 -0.46673499602764679      -0.43980558398364722     
 -0.45499994978495434      -0.47165558046859402     
 -0.44193404832208366      -0.50259096385113988     
 -0.42759824847290506      -0.53252284124424321     
 -0.41205538995388297      -0.56136671854101505     
 -0.39536939505268154      -0.58904257619470279     
 -0.37760453765354018      -0.61547489383045062     
 -0.35882479445092075      -0.64059262944201512     
 -0.33909328819732576      -0.66432915961582795     
 -0.31847182981121669      -0.68662218770261307     
 -0.29702056325147036      -0.70741362713021605     
 -0.27479771433795547      -0.72664946713387291     
 -0.25185944223104839      -0.74427962809004633     
 -0.22825979011898473      -0.76025781339837528     
 -0.20405072982051975      -0.77454136448581168     
 -0.17928229349082586      -0.78709112503016954     
 -0.15400278440361065      -0.79787131993842231     
 -0.12825905784217947      -0.80684945398737484     
 -0.10209686242813662      -0.81399623435734436     
  -7.5561231705563059E-002 -0.81928552057673376     
  -4.8696915436777649E-002 -0.82269430465730820     
  -2.1548839811308208E-002 -0.82420272344409973     
   5.8374144145179954E-003 -0.82379410443508350     
   3.3415126973784431E-002 -0.82145504554691862     
   6.1135957591830964E-002 -0.81717552851549047     
   8.8949481302285568E-002 -0.81094906482433049     
  0.11680275104934140      -0.80277287225087657     
  0.14463989913437303      -0.79264807931147041     
  0.17240178910439927      -0.78057995407416247     
  0.20002572963808282      -0.76657815299949672     
  0.22744526181582467      -0.75065698467238895     
  0.25459003080922393      -0.73283568251574327     
  0.28138575243068376      -0.71313867984559542     
  0.30775428408245253      -0.69159587995982374     
  0.33361380837381882      -0.66824291337365638     
  0.35887913598055493      -0.64312137385501755     
  0.38346213216039027      -0.61627902460379025     
  0.40727226869073269      -0.58776996579543894     
  0.43021729986539448      -0.55765475480486137     
  0.45220405761428328      -0.52600047077186152     
  0.47313935687069092      -0.49288071579091314     
  0.49293099812290170      -0.45837554592231000     
  0.51148884980933140      -0.42257132643565681     
  0.52872598904559198      -0.38556050720246537     
  0.54455987533330230      -0.34744131592913419     
  0.55891352863672839      -0.30831736892456318     
  0.57171668076785620      -0.26829720127081325     
  0.58290686761847155      -0.22749372053752023     
  0.59243042960573311      -0.18602359046511890     
  0.60024338888350448      -0.14400655324327358     
  0.60631217446774655      -0.10156470103053131     
  0.61061417039548360       -5.8821709102847453E-002
  0.61313806725583297       -1.5902044394939141E-002
  0.61388400368179219        2.7069835862786315E-002
  0.61286349137915797        6.9970280259327375E-002
  0.61009912464265836       0.11267721898431346     
  0.60562408268570622       0.15507090477231289     
  0.59948144010292259       0.19703460557951746     
  0.59172330703435050       0.23845523707192201     
  0.58240982580153244       0.27922392487802927     
  0.57160805470812959       0.31923648870759835     
  0.55939077220069655       0.35839384276164710     
  0.54583523562266389       0.39660230925523354     
  0.53102192841244067       0.43377384424410437     
  0.51503332792193490       0.46982617719863984     
  0.49795272325656287       0.50468286782659921     
  0.47986310889840361       0.53827328544948749     
  0.46084617563025776       0.57053251774360558     
  0.44098141569234156       0.60140121684206949     
  0.42034535442239851       0.63082539165163742     
  0.39901091607211192       0.65875615577668523     
  0.37704692723697902       0.68514944068327377     
  0.35451775751843823       0.70996568370956448     
  0.33148309374619328       0.73316950027179806     
  0.30799784137286595       0.75472934916789869     
  0.28411214452202088       0.77461719928444017     
  0.25987151460253849       0.79280820530661789     
  0.23531705635133959       0.80928039925121165     
  0.21048577956965378       0.82401440382108737     
  0.18541098460215960       0.83699317274323859     
  0.16012270969578402       0.84820176242194345     
  0.13464822868854265       0.85762713843014149     
  0.10901258794554619       0.86525801958632975     
   8.3239172013127138E-002  0.87108476162724868     
   5.7350288045649962E-002  0.87509928179044416     
   3.1367759625489530E-002  0.87729502496422840     
   5.3135211077825067E-003  0.87766697144177319     
  -2.0789795948765021E-002  0.87621168572535968     
  -4.6918292371803741E-002  0.87292740525933343     
  -7.3046254864870874E-002  0.86781416741879247     
  -9.9145641148024141E-002  0.86087397253843079     
 -0.12518560446146973       0.85211098022612786     
 -0.15113206517047786       0.84153173566419437     
 -0.17694733727207465       0.82914542205514918     
 -0.20258981766385853       0.81496413481867913     
 -0.22801374604761945       0.79900317259534581     
 -0.25316904325412076       0.78128133956755741     
 -0.27800123553504785       0.76182125308010407     
 -0.30245147191624511       0.74064965004596695     
 -0.32645664098625882       0.71779768517692888     
 -0.34994959245352014       0.69330121370518250     
 -0.37285946740045350       0.66720105098715077     
 -0.39511213936292588       0.63954320123174591     
 -0.41663076615667705       0.61037904760077855     
 -0.43733644976998015       0.57976549611687989     
 -0.45714899868282116       0.54776506620908239     
 -0.47598778372750444       0.51444592134815703     
 -0.49377267517652490       0.47988183408580026     
 -0.51042504526534516       0.44415208091722608     
 -0.52586881699300558       0.40734126372771567     
 -0.54003153697617534       0.36953905613938343     
 -0.55284544755741605       0.33083987481036431     
 -0.56424853147960430       0.29134247760679199     
 -0.57418550141271230       0.25114949250790214     
 -0.58260870660145270       0.21036688304580045     
 -0.58947892999050977       0.16910335794646475     
 -0.59476605141619943       0.12746973434733078     
 -0.59844955579882186        8.5578265441413240E-002
 -0.60051886962594792        4.3541944567596885E-002
 -0.60097351421121525        1.4737985728118103E-003
 -0.59982307001326118       -4.0513816328116480E-002
 -0.59708695242698173       -8.2309902998005197E-002
 -0.59279400561008100      -0.12380548339071087     
 -0.58698192677362593      -0.16489421826486469     
 -0.57969653865663251      -0.20547297597082897     
 -0.57099093237185239      -0.24544234123685865     
 -0.56092450625997559      -0.28470705667505697     
 -0.54956192869791276      -0.32317639168391088     
 -0.53697205392291236      -0.36076443545851478     
 -0.52322681987988229      -0.39739031285010656     
 -0.50840015596189947      -0.43297832376743950     
 -0.49256692643491495      -0.46745800861788356     
 -0.47580193249760461      -0.50076414389271584     
 -0.45817899252953048      -0.53283667336978302     
 -0.43977011633546176      -0.56362058151326533     
 -0.42064478530347482      -0.59306571648450856     
 -0.40086934654256434      -0.62112657074248812     
 -0.38050652540727115      -0.64776202752099710     
 -0.35961505747445544      -0.67293508154420900     
 -0.33824943809788099      -0.69661254221106073     
 -0.31645978518245821      -0.71876472717383277     
 -0.29429180881311257      -0.73936515379075063     
 -0.27178687983762401      -0.75839023537938433     
 -0.24898218841099956      -0.77581898856815434     
 -0.22591098281739291      -0.79163275736537186     
 -0.20260287853985182      -0.80581495886316146     
 -0.17908422748786085      -0.81835085478731173     
 -0.15537853745553809      -0.82922735240919943     
 -0.13150693220875082      -0.83843283766381194     
 -0.10748864303071196      -0.84595704267596172     
  -8.3341523042054444E-002 -0.85179094928890553     
  -5.9082576109245263E-002 -0.85592672961655270     
  -3.4728492628486006E-002 -0.85835772410054667     
  -1.0296184892920571E-002 -0.85907845704305108     
   1.4196684901001653E-002 -0.85808468909998092     
   3.8731190688961331E-002 -0.85537350575175364     
   6.3286649123144578E-002 -0.85094344031313351     
   8.7840153125439344E-002 -0.84479462959435281     
  0.11236613881866844      -0.83692899987704605     
  0.13683599229415563      -0.82735048041645520     
  0.16121770275930628      -0.81606524122330382     
  0.18547556870088694      -0.80308195141424177     
  0.20956996376290651      -0.78841205395083835     
  0.23345716903205940      -0.77207005211859414     
  0.25708927830433853      -0.75407380263729040     
  0.28041418262703444      -0.73444480985339800     
  0.30337563992392202      -0.71320851505872340     
  0.32591343477320089      -0.69039457462459930     
  0.34796363237818517      -0.66603712035812634     
  0.36945892941918562      -0.64017499529878330     
  0.39032910278361249      -0.61285195810393045     
  0.41050155513896930      -0.58411684924420260     
  0.42990195395959402      -0.55402371246703097     
  0.44845495798600160      -0.52263186540801088     
  0.46608502225455956      -0.49000591385019171     
  0.48271726988042468      -0.45621570495856201     
  0.49827841582842497      -0.42133621585057224     
  0.51269772510611422      -0.38544737509314425     
  0.52590798531638716      -0.34863381612099714     
  0.53784647147547604      -0.31098456311771383     
  0.54845587959256847      -0.27259265154623402     
  0.55768520485931417      -0.23355468720608202     
  0.56549054052123537      -0.19397034936959553     
  0.57183577466753865      -0.15394184514286782     
  0.57669316429948325      -0.11357332364190399     
  0.58004376908212973       -7.2970259806154902E-002
  0.58187773105335949       -3.2238818632419737E-002
  0.58219439110565929        8.5147887449764162E-003
  0.58100223807122731        4.9184945409962329E-002
  0.57831869149571935        8.9667253814662687E-002
  0.57416972442789882       0.12985913452461562     
  0.56858933752812657       0.16966038815158446     
  0.56161890027163164       0.20897371117059868     
  0.55330637878999933       0.24770515768589862     
  0.54370547280025083       0.28576454078191621     
  0.53287468601509258       0.32306576880297266     
  0.52087635537001764       0.35952711367887391     
  0.50777566436146593       0.39507141018417652     
  0.49363966483691707       0.42962618672276071     
  0.47853632982827238       0.46312372981073979     
  0.46253365762205551       0.49550108584428365     
  0.44569884438092500       0.52670000495094838     
  0.42809753944430406       0.55666683271204964     
  0.40979319410993537       0.58535235629974514     
  0.39084651138637821       0.61271161209679159     
  0.37131500104040210       0.63870366216961971     
  0.35125264134792467       0.66329134706397441     
  0.33070964636916761       0.68644102230981618     
  0.30973233535645472       0.70812228578476799     
  0.28836309908881663       0.72830770272098511     
  0.26664045651075968       0.74697253467673830     
  0.24459919401396860       0.76409447825771615     
  0.22227057900680239       0.77965341878819228     
  0.19968263902374928       0.79363120351985472     
  0.17686049748613153       0.80601143834388389     
  0.15382675728448850       0.81677931135379811     
  0.13060192356089148       0.82592144600306050     
  0.10720485737737868       0.83342578601947703     
   8.3653252320598045E-002  0.83928151368191894     
   5.9964126474052332E-002  0.84347900253510266     
   3.6154322555810969E-002  0.84600980511400947     
   1.2241009345668907E-002  0.84686667576820629     
  -1.1757822207142141E-002  0.84604362821370638     
  -3.5822874608174828E-002  0.84353602699113417     
  -5.9933077465602259E-002  0.83934071156854206     
  -8.4065145406315142E-002  0.83345615139009999     
 -0.10819316652321266       0.82588262973347515     
 -0.13228822768533580       0.81662245379550169     
 -0.15631808314047860       0.80568018797566820     
 -0.18024687294005021       0.79306290686986469     
 -0.20403489778558601       0.77878046402487366     
 -0.22763845689791892       0.76284577204201931     
 -0.25100975540225462       0.74527508916386154     
 -0.27409688746143035       0.72608830704156135     
 -0.29684390093107349       0.70530923397638623     
 -0.31919094861162067       0.68296586757357280     
 -0.34107453019532641       0.65909065045990001     
 -0.36242782772170201       0.63372070251938084     
 -0.38318113574427076       0.60689802301728191     
 -0.40326238547273707       0.57866965603419029     
 -0.42259775990451454       0.54908781284087427     
 -0.44111239443729261       0.51820994523026376     
 -0.45873115472362952       0.48609876439960970     
 -0.47537948067826047       0.45282220075213148     
 -0.49098428269162059       0.41845330096371802     
 -0.50547487337222385       0.38307005982766235     
 -0.51878391568396964       0.34675518572978448     
 -0.53084836631676879       0.30959580008761067     
 -0.54161039168131631       0.27168307266991853     
 -0.55101823318782073       0.23311179634677109     
 -0.55902699856381466       0.19397990644730406     
 -0.56559935695982944       0.15438795146011600     
 -0.57070611750854605       0.11443852323451777     
 -0.57432667381444902        7.4235656067506331E-002
 -0.57644930047267506        3.3884205034419072E-002
 -0.57707129200981355       -6.5107854062678786E-003
 -0.57619893942153855       -4.6844711165775578E-002
 -0.57384734453256436       -8.7014025283055088E-002
 -0.57004007748340613      -0.12691683070689352     
 -0.56480868751194124      -0.16645343883272942     
 -0.55819208161534595      -0.20552688454580365     
 -0.55023578944864149      -0.24404338980720855     
 -0.54099113578153091      -0.28191276931191572     
 -0.53051434388921048      -0.31904877338416049     
 -0.51886559434593904      -0.35536936498837624     
 -0.50610806382960560      -0.39079692945644862     
 -0.49230696779070610      -0.42525841720179802     
 -0.47752862929334583      -0.45868542125233225     
 -0.46183959413550113      -0.49101419284181735     
 -0.44530580965813926      -0.52218559951788712     
 -0.42799188162384710      -0.55214503123155645     
 -0.40996042034856306      -0.58084226065595590     
 -0.39127148405566581      -0.60823126453985255     
 -0.37198212432115801      -0.63427001324233356     
 -0.35214603559854546      -0.65892023573423175     
 -0.33181330823184441      -0.68214716731046088     
 -0.31103028213739881      -0.70391928706007878     
 -0.28983949648674528      -0.72420805181415093     
 -0.26827972925789079      -0.74298763286220326     
 -0.24638611942645997      -0.76023466122205541     
 -0.22419036381191151      -0.77592798668888918     
 -0.20172098013758810      -0.79004845529852030     
 -0.17900362766032904      -0.80257870923474339     
 -0.15606147672620754      -0.81350301260557789     
 -0.13291561876393945      -0.82280710591905371     
 -0.10958550848906576      -0.83047809151328833     
  -8.6089430416470297E-002 -0.83650435164244130     
  -6.2444982127631388E-002 -0.84087550039137549     
  -3.8669567079676267E-002 -0.84358237008695280     
  -1.4780890049732171E-002 -0.84461703239043406     
   9.2025514391315053E-003 -0.84397285378969489     
   3.3260986177473473E-002 -0.84164458475727177     
   5.7372905167067723E-002 -0.83762848139557700     
   8.1514620665506132E-002 -0.83192245794899156     
  0.10565985470686447      -0.82452626811951102     
  0.12977936349706326      -0.81544171267471655     
  0.15384060418131204      -0.80467287038202473     
  0.17780745058254341      -0.79222634884124665     
  0.20163996458198027      -0.77811155132050802     
  0.22529422981889480      -0.76234095523318535     
  0.24872225428519354      -0.74493039743322176     
  0.27187194813802334      -0.72589936106356012     
  0.29468718260570270      -0.70527125828116088     
  0.31710793517608282      -0.68307370281883506     
  0.33907052529355569      -0.65933876604828612     
  0.36050794352081145      -0.63410321000182934     
  0.38135027552513334      -0.60740869071506998     
  0.40152522032290777      -0.57930192529246638     
  0.42095869997564650      -0.54983481629417108     
  0.43957555541393561      -0.51906452741519560     
  0.45730032033456969      -0.48705350499177569     
  0.47405806225819092      -0.45386944063370233     
  0.48977527696165196      -0.41958517124638667     
  0.50438081974363391      -0.38427851386433232     
  0.51780685449157837      -0.34803203404992183     
  0.52998979944787961      -0.31093274808857024     
  0.54087124707596101      -0.27307176079325296     
  0.55039883464073214      -0.23454384236840170     
  0.55852704215536997      -0.19544694941752580     
  0.56521789528251887      -0.15588169674774949     
  0.57044155264111218      -0.11595078806287162     
  0.57417675973497473       -7.5758414881423389E-002
  0.57641115530502018       -3.5409634010071973E-002
  0.57714142017804659        4.9902654023912946E-003
  0.57637326345934781        4.5336393844545644E-002
  0.57412124597487557        8.5524881062786939E-002
  0.57040844597114770       0.12545347228076728     
  0.56526597698225667       0.16502209066952525     
  0.55873237224039751       0.20413335672635308     
  0.55085285383517291       0.24269305649481518     
  0.54167850785558869       0.28061055204470642     
  0.53126538886708718       0.31779912926540255     
  0.51967357823098737       0.35417627974157168     
  0.50696622096928345       0.38966391520942151     
  0.49320856517061368       0.42418851477136449     
  0.47846702642478722       0.45768120662109957     
  0.46280829759892883       0.49007778745302460     
  0.44629852158521338       0.52131868396398950     
  0.42900254162482149       0.55134886187772703     
  0.41098324060951380       0.58011768872039304     
  0.39230097753351739       0.60757875714773923     
  0.37301312614720250       0.63368967597804338     
  0.35317371795878510       0.65841183623515831     
  0.33283318912249149       0.68171015947373270     
  0.31203822849540824       0.70355283546841130     
  0.29083172226895343       0.72391105602723804     
  0.26925278908995798       0.74275875126353508     
  0.24733689846696710       0.76007233415622277     
  0.22511606448079158       0.77583045866987821     
  0.20261910634499364       0.79001379611402778     
  0.17987196714549947       0.80260483381421277     
  0.15689808207922090       0.81358769955975818     
  0.13371878765944140       0.82294801469591905     
  0.11035376361283478       0.83067277814881746     
   8.6821499515245537E-002  0.83675028311488464     
   6.3139778561804333E-002  0.84117006761421098     
   3.9326171208605154E-002  0.84392289959881339     
   1.5398531731537605E-002  0.84500079682002105     
  -8.6245089967930122E-003  0.84439708119024559     
  -3.2723061021718985E-002  0.84210646691872526     
  -5.6875509505003731E-002  0.83812518125337498     
  -8.1058071953363162E-002  0.83245111621663959     
 -0.10524438484108216       0.82508400927776382     
 -0.12940512605871021       0.81602565045365405     
 -0.15350767971748433       0.80528011287343015     
 -0.17751584994013650       0.79285400337762058     
 -0.20138963034100205       0.77875672925375039     
 -0.22508503590473297       0.76300077674041911     
 -0.24855400387226578       0.74560199646936054     
 -0.27174436999113039       0.72657989056998140     
 -0.29459992604004803       0.70595789574717804     
 -0.31706056385191600       0.68376365627754387     
 -0.33906251009603833       0.66002928057082122     
 -0.36053865480900060       0.63479157473419112     
 -0.38141897506460687       0.60809224647966864     
 -0.40163105324296600       0.57997807275266100     
 -0.42110068711242982       0.55050102465479089     
 -0.43975258641331672       0.51971834360585867     
 -0.45751114789143815       0.48769256325345800     
 -0.47430129786001007       0.45449147240325727     
 -0.49004938848253071       0.42018801520948013     
 -0.50468413119968780       0.38486012602550196     
 -0.51813754821876934       0.34859049765018812     
 -0.53034592090031007       0.31146628318716640     
 -0.54125071236712552       0.27357873332146759     
 -0.55079944086472910       0.23502277246093656     
 -0.55894648043267192       0.19589651883064951     
 -0.56565376637940434       0.15630075518409120     
 -0.57089138491763924       0.11633835823985644     
 -0.57463802908803230        7.6113696203694181E-002
 -0.57688130669508053        3.5732004735038542E-002
 -0.57761789026493782       -4.7012475835071094E-003
 -0.57685350382710665       -4.5080992851404579E-002
 -0.57460274640102971       -8.5303185099476653E-002
 -0.57088875719288423      -0.12526539810297854     
 -0.56574273243088635      -0.16486738937314060     
 -0.55920330825505826      -0.20401162095099468     
 -0.55131582792438705      -0.24260372890570178     
 -0.54213151464771259      -0.28055293493104166     
 -0.53170657347376860      -0.31777239507420546     
 -0.52010124683702308      -0.35417948235279706     
 -0.50737884855323001      -0.38969600175152319     
 -0.49360480034888621      -0.42424833777594523     
 -0.47884569349403971      -0.45776753632052802     
 -0.46316839592419357      -0.49018932403522159     
 -0.44663922254235444      -0.52145406961318641     
 -0.42932318335396241      -0.55150669244796380     
 -0.41128332087069269      -0.58029652490891226     
 -0.39258014497712485      -0.60777713505731101     
 -0.37327117032060986      -0.63390611697975374     
 -0.35341055836830665      -0.65864485606553524     
 -0.33304886365809350      -0.68195827652160179     
 -0.31223288150622147      -0.70381457822703730     
 -0.29100559255254060      -0.72418496970571511     
 -0.26940619802924903      -0.74304340356776255     
 -0.24747023851746766      -0.76036632026398532     
 -0.22522978817854775      -0.77613240543648365     
 -0.20271371597406973      -0.79032236555466850     
 -0.17994800517335258      -0.80291872591680313     
 -0.15695612244003601      -0.81390565448760566     
 -0.13375942793969672      -0.82326881444338440     
 -0.11037761817035846      -0.83099524771530953     
  -8.6829193542886179E-002 -0.83707329126331154     
  -6.3131943089512171E-002 -0.84149252727957735     
  -3.9303439023037179E-002 -0.84424376801118994     
  -1.5361534180012128E-002 -0.84531907540379081     
   8.6751443613573911E-003 -0.84471181529849582     
   3.2786712006664900E-002 -0.84241674545802925     
   5.6951560113356038E-002 -0.83843013625009433     
   8.1145912553413524E-002 -0.83274992237135537     
  0.10534341173974135      -0.82537588354957347     
  0.12951474055262721      -0.81630985171088954     
  0.15362728669991388      -0.80555594164189559     
  0.17764485614523035      -0.79312080171172950     
  0.20152744231066105      -0.77901388074998323     
  0.22523105776638128      -0.76324770670633657     
  0.24870763501879023      -0.74583817225502125     
  0.27190500275661861      -0.72680482206205799     
  0.29476694346661170      -0.70617113601939518     
  0.31723333764350670      -0.68396480238434976     
  0.33924039885441354      -0.66021797446454078     
  0.36072100264449269      -0.63496750427942628     
  0.38160511066971819      -0.60825514653254598     
  0.40182028950970033      -0.58012772626686693     
  0.42129232136438594      -0.55063726377135991     
  0.43994590131071926      -0.51984105067960951     
  0.45770541305140466      -0.48780167176601119     
  0.47449577221556088      -0.45458696771092194     
  0.49024332338245802      -0.42026993507414989     
  0.50487677422791888      -0.38492856087819555     
  0.51832814768703650      -0.34864559054010297     
  0.53053373094270595      -0.31150822937411354     
  0.54143499854056154      -0.27360777947627424     
  0.55097948613664427      -0.23503921544670914     
  0.55912159141776263      -0.19590070404746573     
  0.56582327967185275      -0.15629307447043606     
  0.57105467335532367      -0.11631924733556340     
  0.57479450778128882       -7.6083631790873185E-002
  0.57703043865524251       -3.5691501085006204E-002
  0.57775919147720034        4.7516423183978224E-003
  0.57698654762798129        4.5140700652356515E-002
  0.57472716704208870        8.5371602345302722E-002
  0.57100425249863562       0.12534190002020723     
  0.56584906548817993       0.16495133460437983     
  0.55930030810290776       0.20410235617158337     
  0.55140338924495402       0.24270059341873015     
  0.54220959648990619       0.28065526517302358     
  0.53177519706907095       0.31787952896785854     
  0.52016049259158725       0.35429076344926963     
  0.50742885232012913       0.38981078311167866     
  0.49364574909905506       0.42436598554861249     
  0.47887782051371219       0.45788743298457235     
  0.46319197567058079       0.49031087128151302     
  0.44665456528828645       0.52157669085169311     
  0.42933062974680003       0.55162983493396911     
  0.41128323652173665       0.58041966149049062     
  0.39257291518582271       0.60789976555349823     
  0.37325719502393456       0.63402776920517367     
  0.35339024739056835       0.65876508652251342     
  0.33302263232090662       0.68207667078497691     
  0.31220114664302145       0.70393075104998837     
  0.29096876895747059       0.72429856487701127     
  0.26936469535681312       0.74315409355198825     
  0.24742445863736329       0.76047380565660372     
  0.22518012297970375       0.77623641426518297     
  0.20266054560320246       0.79042265245740717     
  0.17989169668628438       0.80301507122544713     
  0.15689702883852030       0.81399786324414358     
  0.13369788756242698       0.82335671537351351     
  0.11031395440404269       0.83107869218179653     
   8.6763714817564008E-002  0.83715215221902606     
   6.3064943121495604E-002  0.84156669823753072     
   3.9235197268786881E-002  0.84431316204634577     
   1.5292316464757046E-002  0.84538362419887880     
  -8.7450850755407677E-003  0.84477146824359095     
  -3.2857134747397640E-002  0.84247146881127311     
  -5.7022234951822244E-002  0.83847991236464559     
  -8.1216619616745866E-002  0.83279474899147332     
 -0.10541394021156551       0.82541577317666370     
 -0.12958488768981602       0.81634483103837663     
 -0.15369685689198234       0.80558605105593784     
 -0.17771366004113959       0.79314609485305809     
 -0.20159529603606074       0.77903442413053381     
 -0.22529778225244865       0.76326357937286238     
 -0.24877305546176970       0.74584946549053854     
 -0.27196894822485490       0.72681163911479874     
 -0.29482924666923466       0.70617359184795236     
 -0.31729383487191282       0.68396302340691850     
 -0.33929893010423756       0.66021209829962191     
 -0.36077741192184948       0.63495767946509241     
 -0.38165924648111721       0.60824153221141419     
 -0.40187200553021801       0.58011049182429897     
 -0.42134147727350285       0.55061658841515382     
 -0.43999236377979728       0.51981712295056803     
 -0.45774905686125272       0.48777468897028031     
 -0.47453648147712590       0.45455713526688152     
 -0.49028099282860238       0.42023746576887933     
 -0.50491131053978411       0.38489367403109442     
 -0.51835947081491118       0.34860851107405066     
 -0.53056177537887583       0.31146918679752933     
 -0.54145971450057240       0.27356700678248924     
 -0.55100084060592136       0.23499694794007475     
 -0.55913956902274120       0.19585717810848285     
 -0.56583788333869589       0.15624852627477415     
 -0.57106592472487272       0.11627391154403305     
 -0.57480244735593844        7.6037740229117357E-002
 -0.57703512566168136        3.5645281432799658E-002
 -0.57776070343804864       -4.7979678078637483E-003
 -0.57698497964488027       -4.5186916383005371E-002
 -0.57472263080228125       -8.5417500539165053E-002
 -0.57099687502607765      -0.12538728179099048     
 -0.56583898766828955      -0.16499601092777075     
 -0.55928768301683163      -0.20414614873894896     
 -0.55138838035441529      -0.24274333536375803     
 -0.54219237571709977      -0.28069680166395500     
 -0.53175594281762184      -0.31791971766118854     
 -0.52013938775430912      -0.35432947480399019     
 -0.50740608231734818      -0.38984790056620455     
 -0.49362149998780991      -0.42440140556535122     
 -0.47885227720348633      -0.45792106496959528     
 -0.46316532027567553      -0.49034263738889255     
 -0.44662697564083986      -0.52160652568375132     
 -0.42930227808810917      -0.55165768514991897     
 -0.41125428838324990      -0.58044548533674645     
 -0.39254352846518170      -0.60792353232930918     
 -0.37322751925596409      -0.63404945867722662     
 -0.35336042320828948      -0.65878468830180692     
 -0.33299279109756796      -0.68209418367863672     
 -0.31217141030286033      -0.70394618239983697     
 -0.29093924994041831      -0.72431192989566628     
 -0.26933549672061979      -0.74316541466610964     
 -0.24739567427956594      -0.76048311186567930     
 -0.22515183796142252      -0.77624374052297884     
 -0.20263283655682385      -0.79042803908195647     
 -0.17986463228958618      -0.80301856334222754     
 -0.15687067033861302      -0.81399951026593043     
 -0.13367228933394251      -0.82335657051930644     
 -0.11028916452721436      -0.83107681203621142     
  -8.6739775663144641E-002 -0.83714859633263150     
  -6.3041891930792876E-002 -0.84156152876778700     
  -3.9213066718419516E-002 -0.84430644343807637     
  -1.5271135207012169E-002 -0.84537542290256718     
   8.7652919046550676E-003 -0.84476185246924129     
   3.2876345059173209E-002 -0.84246050831509922     
   5.7040429280657917E-002 -0.83846767826545321     
   8.1233780745468054E-002 -0.83278131361327046     
  0.10543005285007243      -0.82540120991376542     
  0.12959993820998342      -0.81632921423906657     
  0.15371083312092809      -0.80556945592060158     
  0.17772655111411459      -0.79312859734261354     
  0.20160709230939333      -0.77901610088095596     
  0.22530847527609951      -0.76324450761162899     
  0.24878263801014211      -0.74582972295091898     
  0.27197741438353151      -0.72679130394407176     
  0.29483659197428247      -0.70615274250587201     
  0.31730005649730303      -0.68394173855106077     
  0.33930402709178498      -0.66019045665463583     
  0.36078138544690586      -0.63493575967335236     
  0.38166210014608309      -0.60821941266312651     
  0.40187374567681516      -0.58008825046574941     
  0.42134211330371796      -0.55059430253448916     
  0.43999190847453185      -0.51979486894127191     
  0.45774752668505708      -0.48775254207331792     
  0.47453389685701836      -0.45453516929332660     
  0.49027737839494218      -0.42021575280568063     
  0.50490669531753407      -0.38487228413345326     
  0.51835388835442198      -0.34858751194864374     
  0.53055526381658502      -0.31144864348148277     
  0.54145231654171089      -0.27354698132356303     
  0.55099260342344547      -0.23497749908392185     
  0.55913054406918894      -0.19583836099907861     
  0.56582812607041200      -0.15623039217414977     
  0.57105549424095547      -0.11625650757728288     
  0.57479140595719391       -7.6021109160279307E-002
  0.57702353833768727       -3.5629461476641193E-002
  0.57774863729299930        4.8129431338687634E-003
  0.57697250327506355        4.5201018363123215E-002
  0.57470981363972407        8.5430705317903893E-002
  0.57098378666400018       0.12539957038438390     
  0.56582569718448539       0.16500736918729789     
  0.55927425831092348       0.20415656726906253     
  0.55137488751414809       0.24275280939505289     
  0.54217887842749668       0.28070533088497768     
  0.53174250182501259       0.31792730601272856     
  0.52012606039507348       0.35433613024038368     
  0.50739292211881259       0.38985363478870055     
  0.49360855634622264       0.42440623373293612     
  0.47883959514149538       0.45792500539284081     
  0.46315294027935694       0.49034571121239579     
  0.44661493357415871       0.52160875656258687     
  0.42929060518081269       0.55165909892524378     
  0.41124301128663932       0.58044610971530852     
  0.39253266936900877       0.60792339657113914     
  0.37321709605885378       0.63404859329525887     
  0.35335044973358481       0.65878312477660983     
  0.33298327734630218       0.68209195419085100     
  0.31216236273563985       0.70394331958234579     
  0.29093067178030879       0.72430846660696746     
  0.26932738826961328       0.74316138378584040     
  0.24738803324182690       0.76047854611276833     
  0.22514465976721726       0.77623867229647359     
  0.20262611468179106       0.79042250032419892     
  0.17985835856477425       0.80301258542373311     
  0.15686483524746095       0.81399312389105538     
  0.13366688229309656       0.82334980565157212     
  0.11028417414873358       0.83106969784198348     
   8.6735189996245743E-002  0.83714116114172066     
   6.3037698681814580E-002  0.84155380004944769     
   3.9209253448141961E-002  0.84429844779081764     
   1.5267689504856531E-002  0.84536718605615757     
  -8.7683822696983695E-003  0.84475339929727866     
  -3.2879092010773998E-002  0.84245186285652451     
  -5.7042844330205233E-002  0.83845886375341017     
  -8.1235874909456773E-002  0.83277235250974824     
 -0.10543183658917393       0.82539212394850603     
 -0.12960142138904024       0.81632002445127316     
 -0.15371202498900791       0.80556018270204266     
 -0.17772746030365996       0.79311926048078651     
 -0.20160772685340483       0.77900671960104817     
 -0.22530884264218060       0.76323510061609556     
 -0.24878274515011028       0.74582030845558789     
 -0.27197726779716480       0.72678189970978635     
 -0.29483619778560999       0.70614336586479365     
 -0.31729942054167537       0.68393240642687636     
 -0.33930315501177083       0.66018118557605243     
 -0.36078028279486651       0.63492656578041173     
 -0.38166077249107883       0.60821031170603623     
 -0.40187219871331109       0.58007925779610447     
 -0.42134035295939848       0.55058543308894659     
 -0.43998994101440730       0.51978613721793809     
 -0.45774535880897654       0.48774396210130971     
 -0.47453153578770202       0.45452675459617059     
 -0.49027483195372745       0.42020751635940967     
 -0.50490397198519998       0.38486423832044570     
 -0.51835099731473577       0.34857966850841421     
 -0.53055221498058358       0.31144101345977337     
 -0.54144912055120964       0.27353957502118870     
 -0.55098927163282463       0.23497032600689097     
 -0.55912708850514314       0.19583142981153095     
 -0.56582455937002807       0.15622371065562898     
 -0.57105182956918366       0.11625008258578612     
 -0.57478765690546507        7.6014946602403557E-002
 -0.57701971880607339        3.5623566285978417E-002
 -0.57774476135887642       -4.8185670091429392E-003
 -0.57696858505169912       -4.5206367962761881E-002
 -0.57470586712853600       -8.5435778661759415E-002
 -0.57097982560442029      -0.12540436645406883     
 -0.56582173490538612      -0.16501188789744586     
 -0.55927030758744667      -0.20416080942856712     
 -0.55137096043350642      -0.24275677665891257     
 -0.54217498626692651      -0.28070902569759743     
 -0.53173865494456840      -0.31793073154371720     
 -0.52012226814739015      -0.35433929031403455     
 -0.50738919277735484      -0.38985653380844937     
 -0.49360489705292926      -0.42440887660215443     
 -0.47883601187412361      -0.45792739743334310     
 -0.46314943783827872      -0.49034785808202264     
 -0.44661151558786433      -0.52161066417317314     
 -0.42928727412896034      -0.55166077336220032     
 -0.41123976853915534      -0.58044755715994123     
 -0.39252951523949742      -0.60792462322670604     
 -0.37321402987041741      -0.63404960531763521     
 -0.35334746989507682      -0.65878392821029064     
 -0.33298038143702813      -0.68209255491088261     
 -0.31215954759657838      -0.70394372324264309     
 -0.29092793361002661      -0.72430867859534498     
 -0.26932472272319136      -0.74316140918596840     
 -0.24738543553127978      -0.76047838967315795     
 -0.22514212476206852      -0.77623833840650280     
 -0.20262363700865316      -0.79042199299710858     
 -0.17985593270496114      -0.80301190828645586     
 -0.15686245563183326      -0.81399228018068415     
 -0.13366454339349310      -0.82334879821822871     
 -0.11028187056547890      -0.83106852915781226     
  -8.6732916541335969E-002 -0.83713983331570574     
  -6.3035450457473663E-002 -0.84155231484772886     
  -3.9207025920507906E-002 -0.84429680666216445     
  -1.5265478572598440E-002 -0.84536539016224632     
   8.7705802120091672E-003 -0.84475144954740566     
   3.2881280014714881E-002 -0.84244975994637561     
   5.7045024841168260E-002 -0.83845660820749379     
   8.1238049720154484E-002 -0.83276994472708299     
  0.10543400679925310      -0.82538956425113530     
  0.12960358737112360      -0.81631731313515665     
  0.15371418636153888      -0.80555732008984893     
  0.17772961591098152      -0.79311624697608019     
  0.20160987475354963      -0.77900355574333169     
  0.22531098010289216      -0.76323178713612927     
  0.24878486865363444      -0.74581684633037482     
  0.27197937305434905      -0.72677829021657037     
  0.29483827975982446      -0.70613961063338260     
  0.31730147348300525      -0.68392850748957223     
  0.33930517250183434      -0.66017714541444383     
  0.36078225780247447      -0.63492238736827067     
  0.38166269743877096      -0.60820599854755675     
  0.40187406555458388      -0.58007481395873584     
  0.42134215326617802      -0.55058086323010336     
  0.43999166607402640      -0.51978144660492154     
  0.45774699972959781      -0.48773915662384970     
  0.47453308361079249      -0.45452184077109425     
  0.49027627777186378      -0.42020250132706377     
  0.50490530706316605      -0.38485912983264214     
  0.51835221321159508      -0.34857447490783050     
  0.53055330367018827      -0.31143574365091731     
  0.54145007453845317      -0.27353423843322555     
  0.55099008406288286      -0.23496493254882375     
  0.55912775326298347      -0.19582598982041491     
  0.56582507116761249      -0.15621823483868202     
  0.57105218401804281      -0.11624458195741902     
  0.57478785057267778       -7.6009432417331574E-002
  0.57701974925213795       -3.5618049969681917E-002
  0.57774462715648256        4.8240739312718633E-003
  0.57696828578498460        4.5211853936220792E-002
  0.57470540337301590        8.5441232172331905E-002
  0.57097919888837090       0.12540977609451787     
  0.56582094765403146       0.16501724243030008     
  0.55926936305179842       0.20416609784392598     
  0.55136986260613563       0.24276198822635547     
  0.54217373978726635       0.28071415001146410     
  0.53173726499656537       0.31793575856122369     
  0.52012074035242151       0.35434421038589320     
  0.50738753308532270       0.38986133770186582     
  0.49360311163432791       0.42441355551626880     
  0.47883410701567858       0.45793194300736628     
  0.46314741984448293       0.49035226239648011     
  0.44660939069040706       0.52161491974480856     
  0.42928504840568971       0.55166487313320689     
  0.41123744784383459       0.58045149448227529     
  0.39252710514324390       0.60792839184230241     
  0.37321153561535536       0.63405319933537729     
  0.35334489636040511       0.65878734208060563     
  0.33297773311741197       0.68209578339882448     
  0.31215682859252158       0.70394676140030099     
  0.29092514762967536       0.72431152173437829     
  0.26932187309485484       0.74316405285101816     
  0.24738252522583321       0.76048082961682650     
  0.22513915642431820       0.77624057056652873     
  0.20262061299669229       0.79042401347629720     
  0.17985285513652072       0.80301371333585370     
  0.15685932643662823       0.81399386618641767     
  0.13366136437057569       0.82335016169235797     
  0.11027864344463237       0.83106966673348226     
   8.6729643047567528E-002  0.83714074174681197     
   6.3032132377690453E-002  0.84155299101325032     
   3.9203665171482258E-002  0.84429724757525404     
   1.5262077269343290E-002  0.84536559298410807     
  -8.7740196883271497E-003  0.84475141160592515     
  -3.2884754950201434E-002  0.84244947875941101     
  -5.7048532124855666E-002  0.83845608151067108     
  -8.1241585782798692E-002  0.83276917050587518     
 -0.10543756755621941       0.82538854077693979     
 -0.12960716817034201       0.81631603900501581     
 -0.15371778193755289       0.80555579426938706     
 -0.17773322034614911       0.79311446884515657     
 -0.20161348144748595       0.77900152514383258     
 -0.22531458175125951       0.76322950442124438     
 -0.24878845723738174       0.74581431241462770     
 -0.27198293984047184       0.72677550662579471     
 -0.29484181531465092       0.70613657955376918     
 -0.31730496769890792       0.68392523181484566     
 -0.33930861463811318       0.66017362879017771     
 -0.36078563654094847       0.63491863423231132     
 -0.38166600095435843       0.60820201416550623     
 -0.40187728160083330       0.58007060445344794     
 -0.42134526927534077       0.55057643560417413     
 -0.43999466927085323       0.51977680875521437     
 -0.45774987725758992       0.48773431734718309     
 -0.47453582266917016       0.45451680976034115     
 -0.49027886576104629       0.42019728915706789     
 -0.50490773173610926       0.38485374793554022     
 -0.51835446282792952       0.34856893553758517     
 -0.53055536714976903       0.31143005983710131     
 -0.54145194161069554       0.27352842392435261     
 -0.55099174540814133       0.23495900174578271     
 -0.55912920064224192       0.19581995770082578     
 -0.56582629753692004       0.15621211687324138     
 -0.57105318362443713       0.11623839401953077     
 -0.57478861902879219        7.6003190687515321E-002
 -0.57702028358727175        3.5611770836406292E-002
 -0.57774492584260384       -4.8303739725759770E-003
 -0.57696834873689862       -4.5218158384158887E-002
 -0.57470523192273881       -8.5447524618750603E-002
 -0.57097879573455446      -0.12541604032016943     
 -0.56582031678805511      -0.16502346249533328     
 -0.55926850966283947      -0.20417225817173204     
 -0.55136879296812147      -0.24276807367950054     
 -0.54217246113107431      -0.28072014595867573     
 -0.53173578537115185      -0.31794165093465637     
 -0.52011906847873024      -0.35434998572816750     
 -0.50738567820683511      -0.38986698320264596     
 -0.49360108336799652      -0.42441905903840571     
 -0.47883191520673951      -0.45793729310287745     
 -0.46314507442829461      -0.49035744831285810     
 -0.44660690156404165      -0.52161993142234098     
 -0.42928242531153016      -0.55166970119414804     
 -0.41123470026693443      -0.58045613021283349     
 -0.39252424222370752      -0.60793282716849306     
 -0.37320856607651737      -0.63405742679384924     
 -0.35334182845314210      -0.65879135478556916     
 -0.33297457458052199      -0.68209957500620566     
 -0.31215358662876258      -0.70395032607021901     
 -0.29092182889676749      -0.72431485409299279     
 -0.26931848371052569      -0.74316714795272953     
 -0.24737907078581214      -0.76048368290773638     
 -0.22513564203206812      -0.77624317784998120     
 -0.20261704330359137      -0.79042637088123258     
 -0.17984923439117112      -0.80301581728861460     
 -0.15685565854196243      -0.81399571338655197     
 -0.13365765294744805      -0.82335174909287334     
 -0.11027489190061618      -0.83107099152591646     
  -8.6725854649718437E-002 -0.83714180135139671     
  -6.3028310328083037E-002 -0.84155378307436257     
  -3.9199812684367411E-002 -0.84429776996226824     
  -1.5258197648812283E-002 -0.84536584379768509     
   8.7779229712574257E-003 -0.84475138918969706     
   3.2888678182149703E-002 -0.84244918171694660     
   5.7052471277344932E-002 -0.83845550872753249     
   8.1245536443293270E-002 -0.83276832117650201     
  0.10544152486400561      -0.82538741443602159     
  0.12961112675834577      -0.81631463556293737     
  0.15372173588120489      -0.80555411405125299     
  0.17773716312042920      -0.79311251263282290     
  0.20161740589328986      -0.77899929422029257     
  0.22531848005222335      -0.76322700061663695     
  0.24879232090827935      -0.74581153815305745     
  0.27198675972824687      -0.72677246497208015     
  0.29484558161305424      -0.70613327425916639     
  0.31730866997758300      -0.68392166736073556     
  0.33931224188679088      -0.66016981042866019     
  0.36078917722918125      -0.63491456802261748     
  0.38166944310693596      -0.60819770700513198     
  0.40188061288867771      -0.58006606410292449     
  0.42134847712128964      -0.55057167070443425     
  0.43999774096930144      -0.51977182883658313     
  0.45775280010649272      -0.48772913282912866     
  0.47453858411243371      -0.45451143194125831     
  0.49028145353885294      -0.42019173019353862     
  0.50491013404027862      -0.38484802081071912     
  0.51835666845902639      -0.34856305401858728     
  0.53055736567235556      -0.31142403842152239     
  0.54145372350291754      -0.27352227777631816     
  0.55099330220175713      -0.23495274662219515     
  0.55913052504926830      -0.19581360986874635     
  0.56582738355927675      -0.15620569301959697     
  0.57105402664334604      -0.11623191115456274     
  0.57478921587119691       -7.5996666043578964E-002
  0.57702063256718394       -3.5605221763876087E-002
  0.57774502677603068        4.8369301104460652E-003
  0.57696820292981488        4.5224704315533111E-002
  0.57470484213241313        8.5454043264802035E-002
  0.57097816610537633       0.12542251489217837     
  0.56581945276379086       0.16502987658564372     
  0.55926741787794954       0.20417859583710019     
  0.55136748112135059       0.24277431951559472     
  0.54217093784496806       0.28072628516474252     
  0.53173406004143975       0.31794766936764329     
  0.52011715111764079       0.35435586994587814     
  0.50738357928438016       0.38987272049578475     
  0.49359881365509101       0.42442463745164111     
  0.47882948562372485       0.45794270144530186     
  0.46314249590204093       0.49036267615844475     
  0.44660418489633896       0.52162496910118850     
  0.42927958106096131       0.55167453977545577     
  0.41123173864589690       0.58046076148066861     
  0.39252117301172346       0.60793724359148926     
  0.37320539855047041       0.63406162149002221     
  0.35333857133462271       0.65879532148344577     
  0.33297123600005690       0.68210330800344976     
  0.31215017410635781       0.70395382019089481     
  0.29091834933791266       0.72431810464454871     
  0.26931494341658752       0.74317015068370984     
  0.24737547547758362       0.76048643396714066     
  0.22513199688513347       0.77624567374910003     
  0.20261335299410588       0.79042860845868745     
  0.17984550315063338       0.80301779367923176     
  0.15685189021956544       0.81399742599460134     
  0.13365385107862632       0.82335319557010522     
  0.11027105978045268       0.83107216975473697     
   8.6721995409928934E-002  0.83714270943343194     
   6.3024427016351248E-002  0.84155441932457653     
   3.9195908344857748E-002  0.84429813290871658     
   1.5254275402733275E-002  0.84536593218690792     
  -8.7818598461293917E-003  0.84475120199767884     
  -3.2892626174050921E-002  0.84244871816549527     
