  -3.2923211957926753E-002  0.55129415009069171     
  -6.0685644957242275E-002  0.54704615494368480     
  -8.3368157033912343E-002  0.54121038395131094     
 -0.10107743976569110       0.53413496316771258     
 -0.11394460618809381       0.52615884073454600     
 -0.12212388138198739       0.51761016903780688     
 -0.12579133961665784       0.50880477526464085     
 -0.12514363800554970       0.50004472060425242     
 -0.12039670517121036       0.49161695124226767     
 -0.11178435329570777       0.48379204651156815     
  -9.9556792176543341E-002  0.47682307105921012     
  -8.3979033714148305E-002  0.47094453869921976     
  -6.5329184018795936E-002  0.46637149581790405     
  -4.3896627641756100E-002  0.46329873188298110     
  -1.9980114112363064E-002  0.46190012389511570     
   6.1142390059558890E-003  0.46232812062553263     
   3.4075009785096186E-002  0.46471337131048934     
   6.3587584238222916E-002  0.46916450220716494     
   9.4336298692888565E-002  0.47576804311566712     
  0.12600659365033334       0.48458850467119047     
  0.15828716064287074       0.49566860591619144     
  0.19087206349589492       0.50902965036090408     
  0.22346281488891312       0.52467204740312801     
  0.25577038809820790       0.54257597457000251     
  0.28751714232351311       0.56270217453264837     
  0.31843863820315799       0.58499287920686949     
  0.34828531825941195       0.60937285148502829     
  0.37682402541501997       0.63575053326407971     
  0.40383933174685593       0.66401928648635966     
  0.42913464965165449       0.69405871196197544     
  0.45253309890163573       0.72573602888508992     
  0.47387810588532953       0.75890749629706300     
  0.49303371576052757       0.79341985640029988     
  0.50988460424945237       0.82911177869776154     
  0.52433578319023499       0.86581528352107795     
  0.53631200239472177       0.90335712368870846     
  0.54575685940878105       0.94156010384732314     
  0.55263163791137238       0.98024431850111915     
  0.55691390417873143        1.0192282917936304     
  0.55859589875850779        1.0583300047067259     
  0.55768276679360140        1.0973677983822780     
  0.55419067496364338        1.1361611456297331     
  0.54814486556607167        1.1745312862193582     
  0.53957769877886408        1.2123017251338788     
  0.52852673271832296        1.2492985964241614     
  0.51503288774122424        1.2853508985660471     
  0.49913873685577925        1.3202906101459517     
  0.48088695848263935        1.3539526972397364     
  0.46031898156015577        1.3861750259489474     
  0.43747384653005533        1.4167981952060513     
  0.41238729945242575        1.4456653061677212     
  0.38509113071092499        1.4726216853174858     
  0.35561276474079834        1.4975145788493418     
  0.32397510312822608        1.5201928360683177     
  0.29019662039720873        1.5405065994961222     
  0.25429170985294369        1.5583070191858284     
  0.21627127595313653        1.5734460085025479     
  0.17614356973308506        1.5857760583838638     
  0.13391526466125411        1.5951501269101516     
   8.9592771738874977E-002   1.6014216209318728     
   4.3183794413261700E-002   1.6044444865408012     
  -5.3008743772662674E-003   1.6040734253343925     
  -5.5845309364714588E-002   1.6001642536788625     
 -0.10842616019143597        1.5925744224654619     
 -0.16301010557873583        1.5811637150749505     
 -0.21955105435445035        1.5657951412701390     
 -0.27798709920844067        1.5463360443255481     
 -0.33823723867523364        1.5226594376182816     
 -0.40019789703766112        1.4946455848256452     
 -0.46373929144228826        1.4621838344246851     
 -0.52870172120156667        1.4251747139405755     
 -0.59489188638733670        1.3835322818934619     
 -0.66207938119315979        1.3371867252099408     
 -0.72999355110466624        1.2860871766326141     
 -0.79832094943286058        1.2302047101723139     
 -0.86670367449754770        1.1695354529574855     
 -0.93473890821465699        1.1041037293824596     
  -1.0019800027623851        1.0339651291890926     
  -1.0679394655689061       0.95920936659926914     
  -1.1320941644766547       0.87996277508590326     
  -1.1938930055008716       0.79639026470084229     
  -1.2527672184107432       0.70869655941209020     
  -1.3081432184213326       0.61712653412259688     
  -1.3594578006709217       0.52196448807563234     
  -1.4061751818638646       0.42353222534516183     
  -1.4478051539576207       0.32218586456812837     
  -1.4839213896110524       0.21831136729535469     
  -1.5141787741302091       0.11231885310624004     
  -1.5383285680272416        4.6358533443331129E-003
  -1.5562302533844943      -0.10430026439258150     
  -1.5678590957084502      -0.21405040109217302     
  -1.5733087505412495      -0.32418201363006049     
  -1.5727886299506262      -0.43427721772660433     
  -1.5666161710379880      -0.54394034969926353     
  -1.5552045616148369      -0.65280466901230216     
  -1.5390468242577056      -0.76053794671034158     
  -1.5186973981350051      -0.86684676457979193     
  -1.4947524662162632      -0.97147943721493035     
  -1.4678302528364220       -1.0742275549134799     
  -1.4385523811754326       -1.1749262215957601     
  -1.4075271633638387       -1.2734531230312287     
  -1.3753354348941629       -1.3697266034738200     
  -1.3425192759344569       -1.4637029527892320     
  -1.3095737146889654       -1.5553731128174597     
  -1.2769413024588940       -1.6447590039895823     
  -1.2450092969276789       -1.7319096547745199     
  -1.2141090911306278       -1.8168972911536638     
  -1.1845174758040358       -1.8998135144599464     
  -1.1564593136462609       -1.9807656664151847     
  -1.1301112251236292       -2.0598734521738389     
  -1.1056059265941265       -2.1372658670354276     
  -1.0830369137297713       -2.2130784509965116     
  -1.0624632393446771       -2.2874508777506390     
  -1.0439141895882378       -2.3605248710218159     
  -1.0273937126572183       -2.4324424309078210     
  -1.0128844978364786       -2.5033443457563744     
  -1.0003516390631517       -2.5733689604907952     
 -0.98974584639636243       -2.6426511697385404     
 -0.98100619134931821       -2.7113216031329928     
 -0.97406238887074148       -2.7795059703539446     
 -0.96883663083193627       -2.8473245345121803     
 -0.96524499417215026       -2.9148916841042309     
 -0.96319845230199774       -2.9823155757653708     
 -0.96260352178579134       -3.0496978222903763     
 -0.96336257842690787       -3.1171332027802601     
 -0.96537387825756826       -3.1847093742582899     
 -0.96853132006643428       -3.2525065666629405     
 -0.97272398736155274       -3.3205972457782491     
 -0.97783550934287666       -3.3890457314322506     
 -0.98374328273502631       -3.4579077612237024     
 -0.99031759930069385       -3.5272299931747511     
 -0.99742072751375976       -3.5970494441007141     
  -1.0049060011087110       -3.6673928641783240     
  -1.0126169718141413       -3.7382760522053138     
  -1.0203866881735753       -3.8097031203774643     
  -1.0280371664780035       -3.8816657220309247     
  -1.0353791228762859       -3.9541422606322647     
  -1.0422120369759296       -4.0270971032205800     
  -1.0483246159034967       -4.1004798263338245     
  -1.0534957230428608       -4.1742245269468246     
  -1.0574958267464105       -4.2482492348190730     
  -1.0600890106089673       -4.3224554655617009     
  -1.0610355680681205       -4.3967279553264698     
  -1.0600951802041219       -4.4709346179407579     
  -1.0570306472206021       -4.5449267632461998     
  -1.0516121123431907       -4.6185396111102230     
  -1.0436216835337127       -4.6915931289575825     
  -1.0328583257911452       -4.7638932117629631     
  -1.0191428676063174       -4.8352332124954049     
  -1.0023229422226372       -4.9053958184509892     
 -0.98227767043536640       -4.9741552553814650     
 -0.95892188892198205       -5.0412797876060038     
 -0.93220973785491035       -5.1065344692558474     
 -0.90213744398780982       -5.1696840903349939     
 -0.86874516943435098       -5.2304962521953984     
 -0.83211783963734243       -5.2887445009700125     
 -0.79238491319025628       -5.3442114448933307     
 -0.74971910720157720       -5.3966917823974407     
 -0.70433414058651100       -5.4459951722384963     
 -0.65648160016075729       -5.4919488842497497     
 -0.60644706760803102       -5.5344001789823123     
 -0.55454566731487487       -5.5732183756943536     
 -0.50111720499561141       -5.6082965800440467     
 -0.44652106548996956       -5.6395530546283448     
 -0.39113102668470423       -5.6669322264962743     
 -0.33533012752362756       -5.6904053354229278     
 -0.27950570426378163       -5.7099707347213924     
 -0.22404468329138219       -5.7256538625517894     
 -0.16932919345335878       -5.7375069060935244     
 -0.11573253802847175       -5.7456081837555173     
  -6.3615547578985993E-002  -5.7500612720860467     
  -1.3323320752770484E-002  -5.7509939045387410     
   3.4817649217214405E-002  -5.7485566690935359     
   8.0501969444306043E-002  -5.7429215312324349     
  0.12344747211727265       -5.7342802081842255     
  0.16339697607346437       -5.7228424198590826     
  0.20011968957955154       -5.7088340415885144     
  0.23341225581788499       -5.6924951836812623     
  0.26309944057039242       -5.6740782228413345     
  0.28903446125605303       -5.6538458105534106     
  0.31109895832729639       -5.6320688834704997     
  0.32920261425265440       -5.6090247004728138     
  0.34328243177029660       -5.5849949302488930     
  0.35330169136254030       -5.5602638118535150     
  0.35924861732105079       -5.5351164086410414     
  0.36113479154879791       -5.5098369732326251     
  0.35899336353086497       -5.4847074377854650     
  0.35287711289848694       -5.4600060398825709     
  0.34285642703114155       -5.4360060899903910     
  0.32901725969856471       -5.4129748818114916     
  0.31145913756791627       -5.3911727421817375     
  0.29029327944815825       -5.3708522126203668     
  0.26564088857816243       -5.3522573504198956     
  0.23763167141612054       -5.3356231334207669     
  0.20640262769309592       -5.3211749494822502     
  0.17209714643708984       -5.3091281492316540     
  0.13486443172646323       -5.2996876390108012     
   9.4859270499283554E-002  -5.2930474900758515     
   5.2242143133230494E-002  -5.2893905400565258     
   7.1796659028633657E-003  -5.2888879634433250     
  -4.0154657122155830E-002  -5.2916987894418757     
  -8.9579406699664410E-002  -5.2979693479108523     
 -0.14090399114917129       -5.3078326272912939     
 -0.19392721666913543       -5.3214075324581334     
 -0.24843575495581302       -5.3387980353050404     
 -0.30420259046451309       -5.3600922166375566     
 -0.36098554247882125       -5.3853612046110744     
 -0.41852596974675932       -5.4146580224933478     
 -0.47654777704056517       -5.4480163668861872     
 -0.53475685245361348       -5.4854493465579397     
 -0.59284107002388331       -5.5269482214596115     
 -0.65047099247450846       -5.5724811909328267     
 -0.70730140135678521       -5.6219922890278013     
 -0.76297376450774101       -5.6754004525433430     
 -0.81711972160638213       -5.7325988330557900     
 -0.86936562651181104       -5.7934544269116168     
 -0.91933812988837538       -5.8578080960038035     
 -0.96667071881196309       -5.9254750463206411     
  -1.0110110549305209       -5.9962458201657780     
  -1.0520288746417183       -6.0698878413906980     
  -1.0894241407733203       -6.1461475312448304     
  -1.1229350737490298       -6.2247529864072622     
  -1.1523456497899929       -6.3054171818925617     
  -1.1774921419310185       -6.3878416318277331     
  -1.1982683017475908       -6.4717204129500647     
  -1.2146288373597445       -6.5567444315652468     
  -1.2265909338534282       -6.6426057969349870     
  -1.2342336787008354       -6.7290021544440455     
  -1.2376953863390561       -6.8156408314877792     
  -1.2371689497634113       -6.9022426579712182     
  -1.2328954693633349       -6.9885453408266516     
  -1.2251565083632454       -7.0743062964120789     
  -1.2142653914187855       -7.1593048738113936     
  -1.2005579937137711       -7.2433439333713574     
  -1.1843834624112153       -7.3262507757401423     
  -1.1660952747225197       -7.4078774449707190     
  -1.1460429743928788       -7.4881004531782205     
  -1.1245648499429595       -7.5668199926742279     
  -1.1019817327161248       -7.6439587139643566     
  -1.0785920089164127       -7.7194601545885053     
  -1.0546678639372611       -7.7932869050641136     
  -1.0304527138235593       -7.8654185950317625     
  -1.0061597300040868       -7.9358497761320486     
 -0.98197132993493952       -8.0045877692274949     
 -0.95803948702082697       -8.0716505333189534     
 -0.93448670618142149       -8.1370646027516536     
 -0.91140751424872768       -8.2008631287490648     
 -0.88887032443383240       -8.2630840514594333     
 -0.86691954894924128       -8.3237684198858801     
 -0.84557785139861574       -8.3829588694837831     
 -0.82484844903703247       -8.4406982609163759     
 -0.80471739317259072       -8.4970284784384571     
 -0.78515577292875860       -8.5519893825434696     
 -0.76612180275892960       -8.6056179087365940     
 -0.74756276721421799       -8.6579473024415901     
 -0.72941680743064141       -8.7090064789617347     
 -0.71161454268378299       -8.7588194969495987     
 -0.69408052731111014       -8.8074051338613764     
 -0.67673454852940051       -8.8547765522584339     
 -0.65949277440407006       -8.9009410464667180     
 -0.64226876368651875       -8.9458998599247739     
 -0.62497435064050522       -8.9896480644696091     
 -0.60752041852474736       -9.0321744937663411     
 -0.58981757525898559       -9.0734617240344697     
 -0.57177674412361423       -9.1134860961231219     
 -0.55330968125565216       -9.1522177738110173     
 -0.53432943031378854       -9.1896208339329828     
 -0.51475072308369463       -9.2256533845488420     
 -0.49449033305973999       -9.2602677078630240     
 -0.47346738723850362       -9.2934104249697196     
 -0.45160363955324795       -9.3250226797384475     
 -0.42882370762152355       -9.3550403392719534     
 -0.40505527282113868       -9.3833942083694328     
 -0.38022924220089871       -9.4100102553234954     
 -0.35427986941774992       -9.4348098461827377     
 -0.32714483081540757       -9.4577099843398162     
 -0.29876525196363335       -9.4786235519772699     
 -0.26908567950272916       -9.4974595495424605     
 -0.23805399302340574       -9.5141233290540992     
 -0.20562125199522013       -9.5285168166937648     
 -0.17174147347336022       -9.5405387198368992     
 -0.13637133749956148       -9.5500847134618692     
  -9.9469818805485943E-002  -9.5570476007782528     
  -6.0997745666388693E-002  -9.5613174429749002     
  -2.0917289585738942E-002  -9.5627816532459011     
   2.0808607026838906E-002  -9.5613250507540233     
   6.4216853823168329E-002  -9.5568298709864017     
  0.10934486976828380       -9.5491757301026219     
  0.15623125240949443       -9.5382395424339581     
  0.20491642996026105       -9.5238953923367404     
  0.25544325888485137       -9.5060143642148009     
  0.30785752021996238       -9.4844643377994036     
  0.36220825691293795       -9.4591097598154974     
  0.41854788183758623       -9.4298114080868665     
  0.47693197175881158       -9.3964261700637497     
  0.53741864634531000       -9.3588068648195772     
  0.60006741354052129       -9.3168021458717405     
  0.66493734364972157       -9.2702565318162602     
  0.73208441528480939       -9.2190106227463229     
  0.80155785838192695       -9.1629015726595888     
  0.87339530534603393       -9.1017639012853664     
  0.94761655469778572       -9.0354307424565210     
   1.0242157577098256       -8.9637356394168339     
   1.1031518646470482       -8.8865150088915410     
   1.1843372227067270       -8.8036114033020709     
   1.2676243139317469       -8.7148777013268486     
   1.3527907709094427       -8.6201823473631869     
   1.4395230233498366       -8.5194157357286979     
   1.5273992187990895       -8.4124977904127611     
   1.6158724270148401       -8.2993867205217224     
   1.7042555667417085       -8.1800888308498028     
   1.7917099504264495       -8.0546691343199512     
   1.8772397617668217       -7.9232623509962741     
   1.9596950640256534       -7.7860836965144786     
   2.0377859548474766       -7.6434386796751550     
   2.1101100939406203       -7.4957309730993114     
   2.1751949124787826       -7.3434673292257964     
   2.2315543173087331       -7.1872585270141851     
   2.2777577053012177       -7.0278154876430996     
   2.3125068468772936       -6.8659400083616893     
   2.3347140922769150       -6.7025100219023050     
   2.3435739094906869       -6.5384598482379568     
   2.3386194587063240       -6.3747564861285140     
   2.3197570298868668       -6.2123734940364335     
   2.2872736724302341       -6.0522643369663172     
   2.2418168121992754       -5.8953371601123674     
   2.1843483839857512       -5.7424327732333644     
   2.1160792273809417       -5.5943072273166985     
   2.0383915725510731       -5.4516198172381234     
   1.9527580745995778       -5.3149267520161532     
   1.8606651100505358       -5.1846801943126160     
   1.7635462936928983       -5.0612319537541133     
   1.6627299208288673       -4.9448408592960922     
   1.5594017851855329       -4.8356827343331048     
   1.4545829328297510       -4.7338619290350223     
   1.3491205789039162       -4.6394234885117482     
   1.2436896680883875       -4.5523652117455615     
   1.1388023209945448       -4.4726490492759430     
   1.0348225416531873       -4.4002114713602198     
  0.93198392164214494       -4.3349725968452697     
  0.83040854047636892       -4.2768439990119242     
  0.73012573917569479       -4.2257351972696258     
  0.63108987799187233       -4.1815589058101947     
  0.53319655198815330       -4.1442351471710239     
  0.43629702164870832       -4.1136943556556140     
  0.34021082461676022       -4.0898795979324412     
  0.24473668008063845       -4.0727480303267969     
  0.14966189242451478       -4.0622716978570805     
   5.4770518197258020E-002  -4.0584377615832725     
  -4.0149409028795630E-002  -4.0612482202152886     
 -0.13529928950488418       -4.0707191704806309     
 -0.23086369870685816       -4.0868796293901113     
 -0.32700416540050070       -4.1097699209681462     
 -0.42385271301789418       -4.1394396108793989     
 -0.52150492221073241       -4.1759449554341499     
 -0.62001231769703191       -4.2193458176729424     
 -0.71937394682775713       -4.2697019939508856     
 -0.81952710695553632       -4.3270688914377731     
 -0.92033730050218399       -4.3914925024729259     
  -1.0215876567112567       -4.4630036384427143     
  -1.1229682609492153       -4.5416114167091592     
  -1.2240660742775000       -4.6272960419085845     
  -1.3243563972491044       -4.7200009897160218     
  -1.4231971091989297       -4.8196247873599471     
  -1.5198271583465202       -4.9260126884442039     
  -1.6133709320451624       -5.0389486536873651     
  -1.7028501291141147       -5.1581481627253529     
  -1.7872045106588395       -5.2832524784714714     
  -1.8653223572993538       -5.4138250434824258     
  -1.9360805808855364       -5.5493506841444136     
  -1.9983932628900873       -5.6892382125467194     
  -2.0512660399466349       -5.8328268353429840     
  -2.0938524377232439       -5.9793965059836109     
  -2.1255072383176832       -6.1281820126658486     
  -2.1458315297518853       -6.2783902197484807     
  -2.1547044315946029       -6.4292195299601032     
  -2.1522976713831472       -6.5798803669569237     
  -2.1390710633579615       -6.7296153413919813     
  -2.1157491975289626       -6.8777177852190086     
  -2.0832818637153636       -7.0235475156790841     
  -2.0427925010682966       -7.1665429907538645     
  -1.9955199854065031       -7.3062293897323194     
  -1.9427592361855199       -7.4422225362653061     
  -1.8858055248248529       -7.5742289230030462     
  -1.8259062207785548       -7.7020423584575450     
  -1.7642223077928276       -7.8255379200030433     
  -1.7018006109898878       -7.9446639627723350     
  -1.6395564964353162       -8.0594329175228072     
  -1.5782659477233707       -8.1699115338634432     
  -1.5185654127842378       -8.2762111127583395     
  -1.4609576107328017       -8.3784781455096358     
  -1.4058215216712548       -8.4768856520266240     
  -1.3534249712676518       -8.5716254000153604     
  -1.3039384934804996       -8.6629010945589950     
  -1.2574494518449837       -8.7509225561881436     
  -1.2139756833535866       -8.8359008540228938     
  -1.1734781766288371       -8.9180443263869122     
  -1.1358724980120025       -8.9975554012477517     
  -1.1010388343145918       -9.0746281196497733     
  -1.0688306334414517       -9.1494462639906757     
  -1.0390819005641638       -9.2221819970301677     
  -1.0116132553798518       -9.2929949249067576     
 -0.98623688222763251       -9.3620315066626922     
 -0.96276051550652564       -9.4294247427481483     
 -0.94099060285976566       -9.4952940849483323     
 -0.92073478175471690       -9.5597455196711625     
 -0.90180379419545842       -9.6228717852648451     
 -0.88401295133684177       -9.6847526918584244     
 -0.86718324606134856       -9.7454555190827179     
 -0.85114219798708435       -9.8050354729418139     
 -0.83572450240207119       -9.8635361881099595     
 -0.82077254253127196       -9.9209902660871485     
 -0.80613681344540289       -9.9774198430283274     
 -0.79167629582552757       -10.032837183736115     
 -0.77725880866424102       -10.087245300342612     
 -0.76276136175213038       -10.140638595665262     
 -0.74807052140656682       -10.193003532163722     
 -0.73308279630071571       -10.244319327904773     
 -0.71770504441491878       -10.294558681013816     
 -0.70185489705155968       -10.343688523807426     
 -0.68546119153765916       -10.391670807215062     
 -0.66846440070954016       -10.438463315264730     
 -0.65081704456023060       -10.484020508383946     
 -0.63248406756085895       -10.528294393113207     
 -0.61344316416082656       -10.571235414604464     
 -0.59368503482982460       -10.612793367042553     
 -0.57321355570666022       -10.652918315942019     
 -0.55204584641685084       -10.691561525191199     
 -0.53021222283545955       -10.728676380789681     
 -0.50775602439769141       -10.764219302497519     
 -0.48473330886643484       -10.798150634118169     
 -0.46121241110310024       -10.830435502895385     
 -0.43727336619398283       -10.861044638528965     
 -0.41300720109407080       -10.889955142605549     
 -0.38851510260467303       -10.917151199787876     
 -0.36390747285538561       -10.942624722887752     
 -0.33930288639076767       -10.966375924935106     
 -0.31482696536976218       -10.988413812510990     
 -0.29061119120257695       -11.008756595895170     
 -0.26679167213643112       -11.027432012944720     
 -0.24350788684768079       -11.044477565024058     
 -0.22090142401825003       -11.059940664705335     
 -0.19911473720512496       -11.073878696309695     
 -0.17828993310555619       -11.086358991627083     
 -0.15856760964183719       -11.097458724302012     
 -0.14008575820957439       -11.107264727376682     
 -0.12297874202717336       -11.115873239318585     
 -0.10737635986732058       -11.123389584509297     
  -9.3403001617597778E-002  -11.129927794622530     
  -8.1176899178425646E-002  -11.135610177565020     
  -7.0809473230478301E-002  -11.140566840691154     
  -6.2404773455317683E-002  -11.144935174833027     
  -5.6059006933662864E-002  -11.148859305318384     
  -5.1860146733528706E-002  -11.152489515589730     
  -4.9887610190219173E-002  -11.155981648303046     
  -5.0211994123301851E-002  -11.159496487891676     
  -5.2894852280296376E-002  -11.163199127551296     
  -5.7988498687698467E-002  -11.167258322459436     
  -6.5535819369147374E-002  -11.171845829815275     
  -7.5570074098116780E-002  -11.177135735002144     
  -8.8114669528225428E-002  -11.183303761869119     
 -0.10318288522978333       -11.190526563835204     
 -0.12077753490295319       -11.198980991278411     
 -0.14089054639055962       -11.208843329525751     
 -0.16350244614344817       -11.220288500755792     
 -0.18858173657944330       -11.233489222316354     
 -0.21608415842111470       -11.248615113405831     
 -0.24595183471171128       -11.265831741835651     
 -0.27811229891925487       -11.285299602759999     
 -0.31247741647617916       -11.307173021913330     
 -0.34894221738488773       -11.331598977130273     
 -0.38738366723246437       -11.358715833836545     
 -0.42765941511767086       -11.388651992894781     
 -0.46960656950824853       -11.421524452760359     
 -0.51304056666389208       -11.457437292426832     
 -0.55775421050971841       -11.496480087162512     
 -0.60351697698046747       -11.538726275551145     
 -0.65007468880570740       -11.584231503767544     
 -0.69714967704680486       -11.633031981160821     
 -0.74444155166150017       -11.685142889777126     
 -0.79162870292298371       -11.740556898981735     
 -0.83837064649170268       -11.799242844236154     
 -0.88431130527218194       -11.861144635605207     
 -0.92908328926035433       -11.926180465853433     
 -0.97231318960810764       -11.994242389126001     
  -1.0136278455687593       -12.065196338315813     
  -1.0526614749502250       -12.138882641562329     
  -1.0890634841894784       -12.215117085455592     
  -1.1225066990602990       -12.293692554389812     
  -1.1526956887854056       -12.374381252604790     
  -1.1793748032501965       -12.456937488832304     
  -1.2023355132242752       -12.541100974758004     
  -1.2214226436461959       -12.626600559813237     
  -1.2365391240392607       -12.713158298495985     
  -1.2476489481702495       -12.800493724867902     
  -1.2547781330480381       -12.888328194181264     
  -1.2580135871255684       -12.976389145280054     
  -1.2574999278131107       -13.064414140226972     
  -1.2534344162160458       -13.152154549362095     
  -1.2460602897030328       -13.239378769641307     
  -1.2356588598808405       -13.325874889832967     
  -1.2225407976829199       -13.411452745670772     
  -1.2070370457229238       -13.495945338871376     
  -1.1894897822729971       -13.579209623630486     
  -1.1702438162953830       -13.661126690771162     
  -1.1496387264916035       -13.741601401625575     
  -1.1280019781126287       -13.820561540093459     
  -1.1056431679575569       -13.897956561850489     
  -1.0828494681000567       -13.973756024617492     
  -1.0598822681528499       -14.047947783388192     
  -1.0369749579877803       -14.120536030447337     
  -1.0143317494635167       -14.191539252909783     
 -0.99212740688321810       -14.260988171391608     
 -0.97050774036568555       -14.328923713217206     
 -0.94959071202597856       -14.395395063059023     
 -0.92946800940782204       -14.460457823717570     
 -0.91020695152970188       -14.524172310324650     
 -0.89185260793141663       -14.586601992879849     
 -0.87443002830438010       -14.647812094861155     
 -0.85794649812006862       -14.707868349729560     
 -0.84239375299946295       -14.766835912439523     
 -0.82775010061931564       -14.824778419482875     
 -0.81398241326361720       -14.881757188411328     
 -0.80104796647917154       -14.937830546064870     
 -0.78889610964172430       -14.993053273739790     
 -0.77746976266713397       -15.047476157126489     
 -0.76670673977224901       -15.101145628910547     
 -0.75654090630598203       -15.154103492351966     
 -0.74690317845118448       -15.206386714843550     
 -0.73772237825768494       -15.258027281321588     
 -0.72892595820639738       -15.309052098396036     
 -0.72044061050203156       -15.359482941131178     
 -0.71219277670103209       -15.409336435500251     
 -0.70410907323003780       -15.458624070626353     
 -0.69611664794249717       -15.507352235982328     
 -0.68814348217950316       -15.555522279734893     
 -0.68011865190895482       -15.603130585368520     
 -0.67197256046261555       -15.650168664600903     
 -0.66363715420857250       -15.696623265395504     
 -0.65504613121236399       -15.742476494580369     
 -0.64613515157205681       -15.787705955190413     
 -0.63684205667480898       -15.832284899157649     
 -0.62710710312687679       -15.876182396376530     
 -0.61687321556740315       -15.919363521466249     
 -0.60608626100203189       -15.961789559736390     
 -0.59469534570172333       -16.003418233935509     
 -0.58265313412521225       -16.044203953324274     
 -0.56991618776487651       -16.084098086467815     
 -0.55644532031428207       -16.123049258889814     
 -0.54220596414426436       -16.161003676379913     
 -0.52716854178915717       -16.197905474305156     
 -0.51130883502346158       -16.233697092756799     
 -0.49460834318971514       -16.268319676780077     
 -0.47705462175643015       -16.301713500303027     
 -0.45864159167240404       -16.333818411720095     
 -0.43936980996581992       -16.364574298417704     
 -0.41924669223032235       -16.393921566873825     
 -0.39828667815252705       -16.421801634344501     
 -0.37651133206181148       -16.448157427588828     
 -0.35394937160733364       -16.472933883601343     
 -0.33063661906084507       -16.496078446935602     
 -0.30661587136764451       -16.517541557931338     
 -0.28193668687295714       -16.537277126012444     
 -0.25665508858048008       -16.555242982213077     
 -0.23083318579192502       -16.571401305218512     
 -0.20453871796677792       -16.585719015476187     
 -0.17784452656612046       -16.598168132335815     
 -0.15082796244211855       -16.608726089706764     
 -0.12357023794994917       -16.617376006363259     
  -9.6155734343090257E-002  -16.624106907767274     
  -6.8671276126479872E-002  -16.628913897096126     
  -4.1205384855292376E-002  -16.631798274035997     
  -1.3847525360517587E-002  -16.632767600811235     
   1.3312642452984330E-002  -16.631835715839525     
   4.0185993253909105E-002  -16.629022696311750     
   6.6684634876939194E-002  -16.624354771870365     
   9.2722564140484590E-002  -16.617864192380530     
  0.11821626922375125       -16.609589053534869     
  0.14308526923095835       -16.599573084688700     
  0.16725258306613061       -16.587865403874069     
  0.19064512139664949       -16.574520245376302     
  0.21319399725185431       -16.559596665568673     
  0.23483475263665693       -16.543158232884107     
  0.25550750039091880       -16.525272707856743     
  0.27515698234540414       -16.506011719092566     
  0.29373254656862180       -16.485450440832761     
  0.31118804812323608       -16.463667277464133     
  0.32748167921796278       -16.440743559918875     
  0.34257573591858759       -16.416763258404576     
  0.35643632964411631       -16.391812715329486     
  0.36903305250238677       -16.365980401654319     
  0.38033860610247150       -16.339356699227146     
  0.39032840381501099       -16.312033710960094     
  0.39898015653934316       -16.284105100002339     
  0.40627345188738695       -16.255665958370223     
  0.41218933632348997       -16.226812704827580     
  0.41670990922594658       -16.197643011181764     
  0.41981793708179449       -16.168255755586038     
  0.42149649511587806       -16.138751000927925     
  0.42172864261297399       -16.109229995945018     
  0.42049713704288816       -16.079795196352016     
  0.41778419086710206       -16.050550302991319     
  0.41357127361492552       -16.021600313838274     
  0.40783896048922130       -15.993051586604029     
  0.40056682741764194       -15.965011908684794     
  0.39173339112537586       -15.937590571306018     
  0.38131609149001222       -15.910898444901717     
  0.36929131216930983       -15.885048053049864     
  0.35563443429065533       -15.860153642649518     
  0.34031991688109808       -15.836331248467841     
  0.32332139672583032       -15.813698750697034     
  0.30461179950058409       -15.792375924731992     
  0.28416345336271398       -15.772484482996601     
  0.26194819574317818       -15.754148109294579     
  0.23793746389727538       -15.737492486821770     
  0.21210235988944620       -15.722645321629509     
  0.18441368115404125       -15.709736363948727     
  0.15484190864108990       -15.698897430343850     
  0.12335714587976203       -15.690262430132266     
   8.9929004134019497E-002  -15.683967399842885     
   5.4526431253640512E-002  -15.680150549655130     
   1.7117484917098968E-002  -15.678952325710933     
  -2.2330945190061537E-002  -15.680515491874237     
  -6.3853457013375733E-002  -15.684985233865174     
 -0.10748648265460012       -15.692509287650996     
 -0.15326864005699450       -15.703238092454985     
 -0.20124106005350595       -15.717324966658730     
 -0.25144764946406628       -15.734926302121215     
 -0.30393523978470188       -15.756201768906145     
 -0.35875355806848869       -15.781314517970939     
 -0.41595494172149233       -15.810431363891444     
 -0.47559370207415758       -15.843722923036635     
 -0.53772502284322399       -15.881363674635661     
 -0.60240325933378258       -15.923531902789026     
 -0.66967948321617399       -15.970409466614159     
 -0.73959809732889481       -16.022181333427181     
 -0.81219232746085068       -16.079034796349440     
 -0.88747838690631986       -16.141158283432883     
 -0.96544810978301443       -16.208739651117693     
  -1.0460598676130977       -16.281963841850608     
  -1.1292276296577120       -16.361009775926647     
  -1.2148081123728172       -16.446046343792744     
  -1.3025861002747354       -16.537227370811976     
  -1.3922582230246467       -16.634685446423703     
  -1.4834157529602467       -16.738524549130918     
  -1.5755273482534620       -16.848811463508660     
  -1.6679231009332487       -16.965566080573989     
  -1.7597817266238285       -17.088750801437659     
  -1.8501231948600476       -17.218259425077861     
  -1.9378094504977361       -17.353906086612703     
  -2.0215559886640411       -17.495415005819186     
  -2.0999567675941075       -17.642411979550776     
  -2.1715241357172514       -17.794418669050984     
  -2.2347440317573990       -17.950850751274000     
  -2.2881447298388720       -18.111020882362720     
  -2.3303750571857744       -18.274147136365723     
  -2.3602857058667848       -18.439367135776397     
  -2.3770055206727618       -18.605757522223492     
  -2.3800040082151894       -18.772357802798556     
  -2.3691321465109989       -18.938197053054324     
  -2.3446359206456089       -19.102321567499516     
  -2.3071405087251118       -19.263821403110274     
  -2.2576069979987010       -19.421853892970184     
  -2.1972670881421816       -19.575662589140137     
  -2.1275437135179769       -19.724590649086394     
  -2.0499664844004739       -19.868088302994426     
  -1.9660903073475342       -20.005714624508755     
  -1.8774238408040431       -20.137134293365037     
  -1.7853721069670554       -20.262110340852729     
  -1.6911951599584425       -20.380494002049819     
  -1.5959826249878888       -20.492212785798969     
  -1.5006424098115669       -20.597257754485778     
  -1.4059010062782185       -20.695670824925251     
  -1.3123124743318073       -20.787532698128476     
  -1.2202732934622522       -20.872951828670836     
  -1.1300406216172350       -20.952054672184040     
  -1.0417519822004395       -21.024977310938070     
 -0.95544490400230841       -21.091858454218233     
 -0.87107550184040072       -21.152833739347059     
 -0.78853537391869566       -21.208031215521370     
 -0.70766649493795064       -21.257567870167026     
 -0.62827400571636938       -21.301547050567173     
 -0.55013695200981116       -21.340056637207859     
 -0.47301712163948406       -21.373167835722622     
 -0.39666618406457693       -21.400934468607144     
 -0.32083136259154843       -21.423392663988551     
 -0.24525987659965864       -21.440560855350526     
 -0.16970238725441966       -21.452440022458337     
  -9.3915670863178938E-002  -21.459014119418761     
  -1.7664733262022995E-002  -21.460250650747103     
   5.9275430991871006E-002  -21.456101370577670     
  0.13711823777711851       -21.446503093933273     
  0.21606387761521306       -21.431378622500208     
  0.29629745180581646       -21.410637800873801     
  0.37798668485905734       -21.384178732933666     
  0.46127901379878022       -21.351889201967751     
  0.54629785207620363       -21.313648352322417     
  0.63313782724678536       -21.269328704415141     
  0.72185880179141071       -21.218798588289744     
  0.81247851158749262       -21.161925092478619     
  0.90496370429923390       -21.098577633177673     
  0.99921973969160038       -21.028632251399262     
   1.0950787360102283       -20.951976739878546     
   1.1922865214599339       -20.868516683376352     
   1.2904888855463452       -20.778182461388109     
   1.3892179239685696       -20.680937206710308     
   1.4878796245839032       -20.576785632989434     
   1.5857442257780896       -20.465783537184969     
   1.6819412446846407       -20.348047650057044     
   1.7754613465828755       -20.223765355796242     
   1.8651673083106370       -20.093203644214498     
   1.9498161023796285       -19.956716517047923     
   2.0280934875252314       -19.814749972921156     
   2.0986613729978263       -19.667843676811309     
   2.1602166538285092       -19.516628511043312     
   2.2115583450953538       -19.361819426886637     
   2.2516579666802166       -19.204203369219023     
   2.2797266445302289       -19.044622504101905     
   2.2952717188802763       -18.883953483780285     
   2.2981360985628561       -18.723083956880885     
   2.2885152591609517       -18.562887888739617     
   2.2669494385328592       -18.404201428042317     
   2.2342917500502741       -18.247801005538797     
   2.1916559767916866       -18.094385087163378     
   2.1403501271639613       -17.944560578261900     
   2.0818030250880990       -17.798834366505734     
   2.0174911732800367       -17.657609984376130     
   1.9488720495734264       -17.521188940905990     
   1.8773282476809583       -17.389775963568322     
   1.8041248883105527       -17.263487221386583     
   1.7303808795568230       -17.142360559817607     
   1.6570531455371518       -17.026366839630008     
   1.5849319753966928       -16.915421601352239     
   1.5146451590044816       -16.809396440221924     
   1.4466684839479473       -16.708129646345569     
   1.3813403525474566       -16.611435821667246     
   1.3188786210263297       -16.519114318195403     
   1.2593981700495829       -16.430956446291933     
   1.2029281189195289       -16.346751477967565     
   1.1494279539995371       -16.266291521187597     
   1.0988021362360723       -16.189375371651071     
   1.0509129788736706       -16.115811463129916     
   1.0055917496853477       -16.045420040651940     
  0.96264806191414998       -15.978034676317950     
  0.92187768570359252       -15.913503238318699     
  0.88306894768115163       -15.851688411981018     
  0.84600789972080559       -15.792467859000562     
  0.81048243615606130       -15.735734088469638     
  0.77628552751605318       -15.681394101543514     
  0.74321772236145722       -15.629368860978213     
  0.71108904990677746       -15.579592627484738     
  0.67972043677067684       -15.532012196910790     
  0.64894473262264474       -15.486586065627204     
  0.61860742241033273       -15.443283546058481     
  0.58856708762602805       -15.402083849924660     
  0.55869566584113495       -15.362975153315780     
  0.52887854649659150       -15.325953655061019     
  0.49901453159026604       -15.291022637849700     
  0.46901568230694346       -15.258191540088214     
  0.43880706662677249       -15.227475045424340     
  0.40832641835030253       -15.198892196139818     
  0.37752371461945239       -15.172465536116457     
  0.34636067672606347       -15.148220288745632     
  0.31481019762270956       -15.126183574912043     
  0.28285569893209472       -15.106383675986796     
  0.25049042024850809       -15.088849346569400     
  0.21771664400340590       -15.073609181489163     
  0.18454486000303100       -15.060691041288951     
  0.15099287482519286       -15.050121540051189     
  0.11708487248218442       -15.041925598977436     
   8.2850434026577199E-002  -15.036126068595575     
   4.8323525018256999E-002  -15.032743421844296     
   1.3541460919725648E-002  -15.031795519579916     
  -2.1456138508804276E-002  -15.033297449275532     
  -5.6628393920183887E-002  -15.037261436849944     
  -9.1934197685583127E-002  -15.043696830687935     
 -0.12733321888250029       -15.052610156009710     
 -0.16278686886870214       -15.064005236830520     
 -0.19825921436223135       -15.077883381835875     
 -0.23371782514271836       -15.094243629595866     
 -0.26913454382883473       -15.113083047663885     
 -0.30448616562868458       -15.134397079257893     
 -0.33975501645503270       -15.158179930409744     
 -0.37492941829083815       -15.184424989690102     
 -0.41000403112453609       -15.213125271868821     
 -0.44498006108987059       -15.244273876145112     
 -0.47986532458490966       -15.277864448866055     
 -0.51467415805809968       -15.313891639930121     
 -0.54942716279516424       -15.352351541325783     
 -0.58415077339463550       -15.393242095463407     
 -0.61887663767980050       -15.436563460100993     
 -0.65364079458951418       -15.482318315722260     
 -0.68848263518848685       -15.530512100185454     
 -0.72344363045927051       -15.581153154317603     
 -0.75856580816691010       -15.634252760889286     
 -0.79388996008419588       -15.689825058095179     
 -0.82945356058357633       -15.747886807336030     
 -0.86528837849944873       -15.808456993830992     
 -0.90141776681628571       -15.871556237508132     
 -0.93785361983904592       -15.937205990896866     
 -0.97459299586132586       -16.005427500607158     
  -1.0116144158607538       -16.076240509717412     
  -1.0488738663530248       -16.149661680362122     
  -1.0863005581040732       -16.225702719429407     
  -1.1237925226192298       -16.304368196012753     
  -1.1612121654938017       -16.385653047597319     
  -1.1983819394680466       -16.469539783360084     
  -1.2350803490669875       -16.555995407794772     
  -1.2710385504062742       -16.644968106323212     
  -1.3059378598741398       -16.736383756514403     
  -1.3394085278904060       -16.830142353466730     
  -1.3710301609110183       -16.926114464730503     
  -1.4003341769594033       -17.024137857117662     
  -1.4268086473176074       -17.124014462429894     
  -1.4499058005739731       -17.225507868470071     
  -1.4690523388674823       -17.328341532190795     
  -1.4836625390242246       -17.432197909922490     
  -1.4931538900496242       -17.536718682225963     
  -1.4969647689915861       -17.641506216055376     
  -1.4945734047252257       -17.746126354386142     
  -1.4855171563394800       -17.850112555329904     
  -1.4694109752855331       -17.952971323599890     
  -1.4459638609398662       -18.054188793865681     
  -1.4149921802121486       -18.153238246480530     
  -1.3764289093175543       -18.249588270132758     
  -1.3303281558806144       -18.342711241044402     
  -1.2768646987855909       -18.432091769959392     
  -1.2163286939222719       -18.517234778533950     
  -1.1491160826830975       -18.597672904321769     
  -1.0757155574357071       -18.672972993342267     
 -0.99669314801823428       -18.742741513703542     
 -0.91267557812184064       -18.806628804172071     
 -0.82433350276938033       -18.864332149365929     
 -0.73236559754647279       -18.915597741194183     
 -0.63748425754266458       -18.960221639222169     
 -0.54040341408923975       -18.998049878208416     
 -0.44182872323750944       -19.028977888835040     
 -0.34245014788829303       -19.052949399187220     
 -0.24293676327414462       -19.069954972616411     
 -0.14393347210829388       -19.080030315663993     
  -4.6059222863617369E-002  -19.083254461264445     
   5.0093721063909726E-002  -19.079747900789972     
  0.14395991838029756       -19.069670706503352     
  0.23500072139555439       -19.053220656005664     
  0.32270445493895650       -19.030631344159936     
  0.40658709995124115       -19.002170247163349     
  0.48619368846005651       -18.968136688971146     
  0.56110051619362256       -18.928859652837591     
  0.63091817381708015       -18.884695380670397     
  0.69529529332613349       -18.836024710137568     
  0.75392280895528530       -18.783250113510700     
  0.80653844920378714       -18.726792422066435     
  0.85293111557693846       -18.667087243976049     
  0.89294477099942715       -18.604581110006087     
  0.92648146139084697       -18.539727407708728     
  0.95350312952893268       -18.472982188641701     
  0.97403194932018533       -18.404799952189290     
  0.98814900527521365       -18.335629521820024     
  0.99599125714800985       -18.265910133819663     
  0.99774685169239619       -18.196067854201196     
  0.99364895977664969       -18.126512427016831     
  0.98396841602184493       -18.057634637895301     
  0.96900551053384887       -17.989804252157931     
  0.94908132268273671       -17.923368559570140     
  0.92452899389768806       -17.858651529997303     
  0.89568531268398588       -17.795953558109424     
  0.86288293626768875       -17.735551752570686     
  0.82644350713862080       -17.677700707070983     
  0.78667184768616161       -17.622633677732953     
  0.74385134002885156       -17.570564083930932     
  0.69824052762051692       -17.521687246997498     
  0.65007091503857339       -17.476182282944798     
  0.59954589532692781       -17.434214070271913     
  0.54684070136595408       -17.395935221176298     
  0.49210325848994119       -17.361487993082001     
  0.43545580843115450       -17.331006086491819     
  0.37699717747373257       -17.304616284068658     
  0.31680557202069787       -17.282439894027210     
  0.25494180019435497       -17.264593968013603     
  0.19145283637190702       -17.251192269467570     
  0.12637566474453787       -17.242345972935453     
   5.9741356406123373E-002  -17.238164077987026     
  -8.4206492977438648E-003  -17.238753523437868     
  -7.8078075643001149E-002  -17.244218988732879     
 -0.14919115989825096       -17.254662369925757     
 -0.22170783095220820       -17.270181918092412     
 -0.29555872325213584       -17.290871028720062     
 -0.37065204935835161       -17.316816672175147     
 -0.44686837472557883       -17.348097458405938     
 -0.52405536960829779       -17.384781334278518     
 -0.60202265477114558       -17.426922920112499     
 -0.68053690973285841       -17.474560503793800     
 -0.75931747314956755       -17.527712726914270     
 -0.83803273148865742       -17.586375018118478     
 -0.91629765892760562       -17.650515854243409     
 -0.99367293030419090       -17.720072959364703     
  -1.0696660689792155       -17.794949584193247     
  -1.1437350992365112       -17.875011041139803     
  -1.2152951336409896       -17.960081700494673     
  -1.2837282257566680       -18.049942676297640     
  -1.3483966479115317       -18.144330441651448     
  -1.4086595101884116       -18.242936607364637     
  -1.4638923300469713       -18.345409070467927     
  -1.5135088158605319       -18.451354687578164     
  -1.5569837808803448       -18.560343552239786     
  -1.5938758070280867       -18.671914858731753     
  -1.6238480851749548       -18.785584224693999     
  -1.6466858187391580       -18.900852232005739     
  -1.6623087210666367       -19.017213842480405     
  -1.6707774667367863       -19.134168265151981     
  -1.6722934425381299       -19.251228806129649     
  -1.6671917253162725       -19.367932226901790     
  -1.6559278115698213       -19.483847173711677     
  -1.6390591540543860       -19.598581314495483     
  -1.6172229532156732       -19.711786921220579     
  -1.5911118618278575       -19.823164751548529     
  -1.5614492784674898       -19.932466201041255     
  -1.5289657495858224       -20.039493803512261     
  -1.4943777145876995       -20.144100243533401     
  -1.4583694689478586       -20.246186106359751     
  -1.4215788425016382       -20.345696625334867     
  -1.3845867399688763       -20.442617697132690     
  -1.3479104004321354       -20.536971425162939     
  -1.3120000182020284       -20.628811426437082     
  -1.2772382318435576       -20.718218102666132     
  -1.2439419236037057       -20.805294037318390     
  -1.2123657646089756       -20.890159640841020     
  -1.1827069762555742       -20.972949129178911     
  -1.1551108399378553       -21.053806887974559     
  -1.1296765625787673       -21.132884247355072     
  -1.1064631842251740       -21.210336670250836     
  -1.0854952891886074       -21.286321340494037     
  -1.0667683495044913       -21.360995124959352     
  -1.0502535866871121       -21.434512876027451     
  -1.0359022843069374       -21.507026035928938     
  -1.0236495203071856       -21.578681502350442     
  -1.0134173153293498       -21.649620714423495     
  -1.0051172130527144       -21.719978919337183     
 -0.99865232216363176       -21.789884581888639     
 -0.99391885847979566       -21.859458901982226     
 -0.99080723123761250       -21.928815408168859     
 -0.98920272069741988       -21.998059598617679     
 -0.98898579592999902       -22.067288604332781     
 -0.99003212263232765       -22.136590852917045     
 -0.99221231162448276       -22.206045714730759     
 -0.99539145969163767       -22.275723116909173     
 -0.99942853590164005       -22.345683114422290     
  -1.0041756685622232       -22.415975411221645     
  -1.0094773905652341       -22.486638828561212     
  -1.0151699038519557       -22.557700721830848     
  -1.0210804268472775       -22.629176351710157     
  -1.0270266915455319       -22.701068220118344     
  -1.0328166589585832       -22.773365386245445     
  -1.0382485222207933       -22.846042782800900     
  -1.0431110650711914       -22.919060557355884     
  -1.0471844389547973       -22.992363468082718     
  -1.0502414138927865       -23.065880367055215     
  -1.0520491459780141       -23.139523807273676     
  -1.0523714874965377       -23.213189811398433     
  -1.0509718442298739       -23.286757840494523     
  -1.0476165588661188       -23.360090999615153     
  -1.0420787705637180       -23.433036513554612     
  -1.0341426700368297       -23.505426500457190     
  -1.0236080390427720       -23.577079063190183     
  -1.0102949352217532       -23.647799708655707     
 -0.99404836043622813       -23.717383093886244     
 -0.97474273557938784       -23.785615085376801     
 -0.95228599938286296       -23.852275105333600     
 -0.92662315446891097       -23.917138726146423     
 -0.89773910121992184       -23.979980463231819     
 -0.86566062831883750       -24.040576707214136     
 -0.83045746625609806       -24.098708729852063     
 -0.79224235392113951       -24.154165694626542     
 -0.75117011512154674       -24.206747602685049     
 -0.70743578772650950       -24.256268107825903     
 -0.66127188948933757       -24.302557140090158     
 -0.61294493841460296       -24.345463285779182     
 -0.56275136965005246       -24.384855881654687     
 -0.51101300424827445       -24.420626791952067     
 -0.45807222783397272       -24.452691847900446     
 -0.40428703031866958       -24.480991940022754     
 -0.35002604319496228       -24.505493763046402     
 -0.29566369096431261       -24.526190221413906     
 -0.24157555041136189       -24.543100509942700     
 -0.18813398810658144       -24.556269889110162     
 -0.13570412470754273       -24.565769177839691     
  -8.4640155833261788E-002  -24.571693988748020     
  -3.5282044419058481E-002  -24.574163731857354     
   1.2047411144129785E-002  -24.573320413077266     
   5.7045135302911651E-002  -24.569327253606062     
   9.9429965315431301E-002  -24.562367156033982     
  0.13894447857574210       -24.552641042533679     
  0.17535646180064784       -24.540366090207634     
  0.20846002490969581       -24.525773888463956     
  0.23807636118696274       -24.509108543180869     
  0.26405415528932641       -24.490624752310616     
  0.28626964238781155       -24.470585877343471     
  0.30462632543688806       -24.449262034562889     
  0.31905436320953973       -24.426928229138220     
  0.32950964899454321       -24.403862553708603     
