  -3.1549445766337551E-002  0.49139031506520742     
  -6.0245465676252788E-002  0.48717313246786970     
  -8.6070474635317917E-002  0.48114819924339747     
 -0.10902257202690416       0.47351661920151417     
 -0.12911480897326952       0.46447858257338531     
 -0.14637453186030416       0.45423236534316402     
 -0.16084278340366751       0.44297337050490732     
 -0.17257374079281360       0.43089320864941039     
 -0.18163417028080631       0.41817881672975393     
 -0.18810287872793000       0.40501161521879880     
 -0.19207014478239021       0.39156670508403146     
 -0.19363711531632996       0.37801210701188837     
 -0.19291515616044250       0.36450804608065740     
 -0.19002514984069346       0.35120628559180883     
 -0.18509673668433513       0.33824951402390535     
 -0.17826749912901138       0.32577078908487456     
 -0.16968209217576977       0.31389304263257067     
 -0.15949132555426881       0.30272864984377185     
 -0.14785120524114514       0.29237906547689169     
 -0.13492194345915737       0.28293452943475067     
 -0.12086694719474747       0.27447384313111833     
 -0.10585179564929012       0.26706421743566805     
  -9.0043216956021313E-002  0.26076119224874655     
  -7.3608074040481197E-002  0.25560862706591286     
  -5.6712368776791373E-002  0.25163876125153745     
  -3.9520272695534195E-002  0.24887234216285006     
  -2.2193191524845765E-002  0.24731881875611086     
  -4.8888698748929399E-003  0.24697659786486836     
   1.2239458530072765E-002  0.24783335996197345     
   2.9043870465778710E-002  0.24986643089457797     
   4.5382498729791158E-002  0.25304320580566336     
   6.1120220168901028E-002  0.25732162121748642     
   7.6129283229153993E-002  0.26265067104352718     
   9.0289872377341526E-002  0.26897096210994109     
  0.10349060702507287       0.27621530460169619     
  0.11562897286233152       0.28430933270205938     
  0.12661168381936921       0.29317215056941520     
  0.13635497326197751       0.30271699869775365     
  0.14478481351525563       0.31285193564382152     
  0.15183706342329531       0.32348053008345218     
  0.15745754439186910       0.33450255819088304     
  0.16160204621948873       0.34581470142624726     
  0.16423626497690891       0.35731123997463088     
  0.16533567621220488       0.36888473730948523     
  0.16488534779443978       0.38042671165509601     
  0.16287969771387742       0.39182829049506740     
  0.15932220307823169       0.40298084471054363     
  0.15422506733113797       0.41377659942372330     
  0.14760885332400478       0.42410921915640365     
  0.13950209025642274       0.43387436547435326     
  0.12994086263421886       0.44297022585874857     
  0.11896838926062632       0.45129801310699241     
  0.10663459987000415       0.45876243509789272     
   9.2995716342697265E-002  0.46527213524188155     
   7.8113844523338055E-002  0.47074010435851521     
   6.2056581532917029E-002  0.47508406506581941     
   4.4896642155718924E-002  0.47822683001671973     
   2.6711506440867186E-002  0.48009663546758041     
   7.5830891346096363E-003  0.48062745170700311     
  -1.2402569993647699E-002  0.47975927180744776     
  -3.3155597397208796E-002  0.47743837998964317     
  -5.4582562485818442E-002  0.47361760061563590     
  -7.6586745082483365E-002  0.46825652845986204     
  -9.9068399976173727E-002  0.46132174046152991     
 -0.12192502585115915       0.45278698865194877     
 -0.14505164650769561       0.44263337339641007     
 -0.16834111260869478       0.43084949551380142     
 -0.19168443215829839       0.41743158526272051     
 -0.21497113751331695       0.40238360563678832     
 -0.23808969592845336       0.38571732692179661     
 -0.26092796943335483       0.36745236906146178     
 -0.28337372823963425       0.34761620808468741     
 -0.30531521990106175       0.32624414269161306     
 -0.32664179414071842       0.30337921710176274     
 -0.34724458067602443       0.27907209645444103     
 -0.36701721459855452       0.25338089143254222     
 -0.38585660100368352       0.22637092936228437     
 -0.40366370773738897       0.19811446982066713     
 -0.42034437247066775       0.16869036374772040     
 -0.43581010797125275       0.13818365618973269     
 -0.44997888756342108       0.10668513406029320     
 -0.46277589148649090        7.4290821656238834E-002
 -0.47413419429858250        4.1101428055338056E-002
 -0.48399537371221135        7.2217518954832555E-003
 -0.49231002234116972       -2.7239949668398628E-002
 -0.49903814578672717       -6.2172619873469531E-002
 -0.50414943324802475       -9.7463080200831276E-002
 -0.50762339030873627      -0.13299671752244283     
 -0.50944932758511119      -0.16865817045340062     
 -0.50962620333626618      -0.20433200468693924     
 -0.50816232272587170      -0.23990336727775025     
 -0.50507490096212038      -0.27525861034509869     
 -0.50038950180954078      -0.31028587547176656     
 -0.49413936675917924      -0.34487563114490910     
 -0.48636465329175299      -0.37892115687533179     
 -0.47711160304271244      -0.41231896908832166     
 -0.46643166219912924      -0.44496918544226072     
 -0.45438057709829421      -0.47677582583914130     
 -0.44101748777961974      -0.50764704998371468     
 -0.42640404123266817      -0.53749533287000151     
 -0.41060354438932134      -0.56623758097725396     
 -0.39368017465802901      -0.59379519320331597     
 -0.37569826313862836      -0.62009407162301999     
 -0.35672166273745826      -0.64506458801464206     
 -0.33681321036870404      -0.66864151274045136     
 -0.31603428940954004      -0.69076391299911921     
 -0.29444449568428704      -0.71137502769701932     
 -0.27210140757352957      -0.73042212622716640     
 -0.24906045843997038      -0.74785635831796438     
 -0.22537490747111993      -0.76363260184094273     
 -0.20109590327442392      -0.77770931507015240     
 -0.17627263311820204      -0.79004839938842653     
 -0.15095254957101234      -0.80061507785839736     
 -0.12518166542020046      -0.80937779443781144     
  -9.9004907107178436E-002 -0.81630813793531398     
  -7.2466516458332381E-002 -0.82138079408739728     
  -4.5610490172004081E-002 -0.82457352839943754     
  -1.8481046302106320E-002 -0.82586720164058502     
   8.8768931786688890E-003 -0.82524581911807815     
   3.6417214777243599E-002 -0.82269661408367112     
   6.4092131991761295E-002 -0.81821016484424780     
   9.1851721194034910E-002 -0.81178054436066538     
  0.11964348624014487      -0.80340550032385527     
  0.14741196324620315      -0.79308666289662100     
  0.17509837700061312      -0.78082977650657803     
  0.20264036043637021      -0.76664495127603216     
  0.22997174841010798      -0.75054692888732455     
  0.25702245667327289      -0.73255535692019547     
  0.28371845631369957      -0.71269506497823654     
  0.30998185302928211      -0.69099633526618676     
  0.33573107930784080      -0.66749515971463791     
  0.36088120587465333      -0.64223347530341213     
  0.38534437659119336      -0.61525936894202859     
  0.40903036832559914      -0.58662724315923664     
  0.43184727417469693      -0.55639793396700787     
  0.45370230483984803      -0.52463877262821845     
  0.47450269902354303      -0.49142358369657047     
  0.49415672954055723      -0.45683261262873143     
  0.51257478758724673      -0.42095237749762415     
  0.52967052348245569      -0.38387544085385228     
  0.54536201840914666      -0.34570009956521203     
  0.55957295848880484      -0.30652999247099566     
  0.57223378015211124      -0.26647362786034789     
  0.58328275445111255      -0.22564383504877000     
  0.59266697787216172      -0.18415714659771867     
  0.60034323847799020      -0.14213311990425936     
  0.60627872887817247       -9.9693608882787277E-002
  0.61045158155942403       -5.6961998173627591E-002
  0.61285120736837406       -1.4062413657841402E-002
  0.61347842420946930        2.8881076036821454E-002
  0.61234537000360867        7.1745251937074067E-002
  0.60947520129724975       0.11440851602788155     
  0.60490158623528079       0.15675162706435120     
  0.59866800753111971       0.19865838759152959     
  0.59082689722981185       0.24001627039761642     
  0.58143863016470498       0.28071697450914579     
  0.57057040683173077       0.32065690298736693     
  0.55829505881285468       0.35973755710426675     
  0.54468981083153056       0.39786584386247387     
  0.52983503306843593       0.43495429617726439     
  0.51381301563561788       0.47092120727175762     
  0.49670679429491438       0.50569068287240160     
  0.47859905284875509       0.53919261657181450     
  0.45957112338673872       0.57136259520888621     
  0.43970210099993534       0.60214174227888173     
  0.41906808492100711       0.63147650822335222     
  0.39774155352669305       0.65931841697022076     
  0.37579087642576336       0.68562377832002419     
  0.35327996308225451       0.71035337573578206     
  0.33026804417804645       0.73347213882824536     
  0.30680957924589641       0.75494880937545816     
  0.28295428201187944       0.77475560911628971     
  0.25874725335196469       0.79286791685092728     
  0.23422921074462208       0.80926396160305081     
  0.20943680252680444       0.82392453777992714     
  0.18440299506134655       0.83683274743422142     
  0.15915752102260106       0.84797377390580353     
  0.13372737732743170       0.85733469031872378     
  0.10813736170826416       0.86490430563830223     
   8.2410637478460030E-002  0.87067305026179442     
   5.6569316621299368E-002  0.87463290242528535     
   3.0635051895575732E-002  0.87677735605797569     
   4.6296291567619885E-003  0.87710143009894903     
  -2.1424448483185084E-002  0.87560171870512604     
  -4.7503392707889613E-002  0.87227648121557377     
  -7.3581586088141152E-002  0.86712577018940384     
  -9.9631069917619594E-002  0.86015159529517049     
 -0.12562107146119225       0.85135812029288704     
 -0.15151757831301382       0.84075188981097604     
 -0.17728296762519527       0.82834208207721238     
 -0.20287569802800384       0.81414078321525207     
 -0.22825007207434603       0.79816327817004784     
 -0.25335607695375501       0.78042835278328504     
 -0.27813931097913841       0.76095860101474533     
 -0.30254100289599584       0.73978073081202567     
 -0.32649813034239833       0.71692586168805783     
 -0.34994364274681822       0.69242980669578058     
 -0.37280679254660198       0.66633333121751848     
 -0.39501357681249605       0.63868238084064377     
 -0.41648728916252808       0.60952827059926684     
 -0.43714917925334490       0.57892782805153264     
 -0.45691921418810433       0.54694348305836538     
 -0.47571693294741524       0.51364329775204631     
 -0.49346238153620803       0.47910093104451174     
 -0.51007711307895642       0.44339553312898478     
 -0.52548523375033684       0.40661156676646121     
 -0.53961447238120019       0.36883855369977719     
 -0.55239724902462639       0.33017074626805332     
 -0.56377171589607344       0.29070672615532817     
 -0.57368274309096701       0.25054893413896046     
 -0.58208282147617152       0.20980313663562844     
 -0.58893285624537528       0.16857783669845217     
 -0.59420282685967385       0.12698363881827499     
 -0.59787229243249829        8.5132578348000101E-002
 -0.59993072595979768        4.3137427530814260E-002
 -0.60037766597039022        1.1109909128869389E-003
 -0.59922267994601930       -4.0834596683334418E-002
 -0.59648513995912911       -8.2588556480473460E-002
 -0.59219381709615293      -0.12404212367720417     
 -0.58638630706884931      -0.16508916517202363     
 -0.57910830467839469      -0.20562674649951126     
 -0.57041274923853935      -0.24555563894620902     
 -0.56035886649361810      -0.28478075960076227     
 -0.54901113486106323      -0.32321153904103672     
 -0.53643820493603889      -0.36076221338655945     
 -0.52271180113978699      -0.39735203946634456     
 -0.50790563326030513      -0.43290543379456592     
 -0.49209434356466009      -0.46735203784409213     
 -0.47535251233602294      -0.50062671370761369     
 -0.45775374130752439      -0.53266947559914035     
 -0.43936983073820368      -0.56342536375081465     
 -0.42027006200508243      -0.59284426809117041     
 -0.40052059375193322      -0.62088070965380571     
 -0.38018397599408593      -0.64749358797339174     
 -0.35931878325117839      -0.67264590280097425     
 -0.33797936485276286      -0.69630445834066768     
 -0.31621570808766797      -0.71843955790680447     
 -0.29407340786827396      -0.73902469645758362     
 -0.27159373504985640      -0.75803625791107354     
 -0.24881379445571722      -0.77545322352297374     
 -0.22576676296769127      -0.79125689693071211     
 -0.20248219769471953      -0.80543065076934250     
 -0.17898640416950251      -0.81795969906120769     
 -0.15530285468292443      -0.82883089888901240     
 -0.13145264718760308      -0.83803258419214466     
 -0.10745499562922350      -0.84555443388619034     
  -8.3327743046739594E-002 -0.85138737589946212     
  -5.9087889276544014E-002 -0.85552352814882016     
  -3.4752125565442618E-002 -0.85795617693840109     
  -1.0337368814784770E-002 -0.85867979275543604     
   1.4138711476584822E-002 -0.85769008295207516     
   3.8657180241935804E-002 -0.85498408033513962     
   6.3197344348177850E-002 -0.85056026623076719     
   8.7736286982747672E-002 -0.84441872614197488     
  0.11224843532960022      -0.83656133566890289     
  0.13670516798776716      -0.82699197390975920     
  0.16107446867171721      -0.81571676110273905     
  0.18532063282497804      -0.80274431680499059     
  0.20940403384184264      -0.78808603443606162     
  0.23328095558621045      -0.77175636754502686     
  0.25690349777755078      -0.75377312270059826     
  0.28021956053509384      -0.73415775346314172     
  0.30317291388576223      -0.71293564949113830     
  0.32570335730433581      -0.69013641447983476     
  0.34774697332644167      -0.66579412634698387     
  0.36923647792557862      -0.63994757289219339     
  0.39010166865663676      -0.61264045608622886     
  0.41026996953915540      -0.58392155821848801     
  0.42966706930328019      -0.55384486336725836     
  0.44821764699317362      -0.52246962807773623     
  0.46584617608540241      -0.48986039575175805     
  0.48247779532878154      -0.45608695007874334     
  0.49803923156729152      -0.42122420386903292     
  0.51245975700994950      -0.38535202087833642     
  0.52567216091646141      -0.34855496961418414     
  0.53761371363651278      -0.31092200965962824     
  0.54822709953017512      -0.27254611269251600     
  0.55746129464660199      -0.23352382206725386     
  0.56527236525804025      -0.19395475649919103     
  0.57162416450527331      -0.15394106498382190     
  0.57648890652757367      -0.11358684152689175     
  0.57984760048721395       -7.2997509492786772E-002
  0.58169033075935295       -3.2279186339632060E-002
  0.58201637409128182        8.4619598467576690E-003
  0.58083414954200285        4.9120350314697872E-002
  0.57816100226066269        8.9591620472944264E-002
  0.57402282739837440       0.12977321839083047     
  0.56845354541935067       0.16956496657018502     
  0.56149444454785691       0.20886957768853501     
  0.55319340985453813       0.24759311637835268     
  0.54360406139307416       0.28564540067586786     
  0.53278482574553387       0.32294033847805526     
  0.52079796628157027       0.35939619611776519     
  0.50770859740088881       0.39493579793582739     
  0.49358370708153981       0.42948665743153519     
  0.47849121031379971       0.46298104215350117     
  0.46249905360819099       0.49535597590607455     
  0.44567438789331626       0.52655318305860666     
  0.42808282393792946       0.55651898073426176     
  0.40978778111019942       0.58520412541197575     
  0.39084993697883524       0.61256362100049422     
  0.37132678209714226       0.63855649574729423     
  0.35127228139721761       0.66314555544509945     
  0.33073664103404377       0.68629712031748247     
  0.30976617730671369       0.70798075272895244     
  0.28840328246883667       0.72816898250177098     
  0.26668648082194574       0.74683703615930719     
  0.24465056744537581       0.76396257588048355     
  0.22232682122020872       0.77952545336589818     
  0.19974328341014458       0.79350748320460829     
  0.17692509291926523       0.80589223970895685     
  0.15389486940387903       0.81666488056722841     
  0.13067313562170821       0.82581200006074795     
  0.10727877070805915       0.83332151401031207     
   8.3729486431181777E-002  0.83918257806049479     
   6.0042318859217569E-002  0.84338554038064006     
   3.6234128236712640E-002  0.84592192935721000     
   1.2322100194094982E-002  0.84678447637079668     
  -1.1675758319873056E-002  0.84596717328840554     
  -3.5740134796606739E-002  0.84346536385264304     
  -5.9849944910548743E-002  0.83927586770890461     
  -8.3981890492836261E-002  0.83339713537440607     
 -0.10811004800062936       0.82582943201436199     
 -0.13220549381570293       0.81657504744726284     
 -0.15623597280392670       0.80563852935098801     
 -0.18016561666744402       0.79302693618426690     
 -0.20395471869107523       0.77875010587589166     
 -0.22755957148622685       0.76282093587185573     
 -0.25093237422803200       0.74525566967589352     
 -0.27402121562076992       0.72607418458243966     
 -0.29677013836841287       0.70530027489665081     
 -0.31911929022882574       0.68296192458063298     
 -0.34100516575380202       0.65909156297786686     
 -0.36236094153295301       0.63372629707056016     
 -0.38311690614943783       0.60690811364009956     
 -0.40320098411722066       0.57868404475189406     
 -0.42253935081979516       0.54910629019450841     
 -0.44105713294832366       0.51823229088812572     
 -0.45867918620653819       0.48612474785366805     
 -0.47533093919931202       0.45285158210971621     
 -0.49093928956420868       0.41848583184022159     
 -0.50543353567374771       0.38310548434305924     
 -0.51874632477853122       0.34679324160856206     
 -0.53081459643237450       0.30963621985829587     
 -0.54158049859142532       0.27172558495689608     
 -0.55099225304643562       0.23315612724364559     
 -0.55900494694073621       0.19402578095779405     
 -0.56558122811816136       0.15443509498952274     
 -0.57069188396012371       0.11448666311231406     
 -0.57431628618078456        7.4284523079659132E-002
 -0.57644268766956874        3.3933534942789313E-002
 -0.57706836176338849       -6.4612503806478830E-003
 -0.57619957911259656       -4.6795220918529647E-002
 -0.57385142235535480       -8.6964820483404481E-002
 -0.57004744389466977      -0.12686814155603138     
 -0.56481917693693040      -0.16640548394161650     
 -0.55820551436985411      -0.20547986994750628     
 -0.55025197383022151      -0.24399750811562179     
 -0.54100987027926073      -0.28186819903517002     
 -0.53053541945965277      -0.31900567839734573     
 -0.51888879670330967      -0.35532789416657740     
 -0.50613317570045280      -0.39075721646560913     
 -0.49233377108736864      -0.42522058044172495     
 -0.47755690716578525      -0.45864956394332990     
 -0.46186913286743081      -0.49098040324405007     
 -0.44533640038033045      -0.52215395127067321     
 -0.42802332182471453      -0.55211558379840320     
 -0.40999251516928725      -0.58081505986025328     
 -0.39130404736391311      -0.60820634317572719     
 -0.37201497956368151      -0.63424739174518485     
 -0.35217901643842664      -0.65889992289587473     
 -0.33184625898075942      -0.68212916102452792     
 -0.31106305799701767      -0.70390357508431911     
 -0.28987196361619616      -0.72419461253745288     
 -0.26831176468618934      -0.74297643606548613     
 -0.24641761082998334      -0.76022566882358500     
 -0.22422120917748392      -0.77592115346600887     
 -0.20175108733164410      -0.79004372957922397     
 -0.17903291392403908      -0.80257603355390672     
 -0.15608986811549674      -0.81350232432199154     
 -0.13294304955210251      -0.82280833779063867     
 -0.10961192054827004      -0.83048117222901752     
  -8.6114772592919525E-002 -0.83650920631052184     
  -6.2469209623598893E-002 -0.84088205098417379     
  -3.8692640854058200E-002 -0.84359053584395782     
  -1.4802776247252639E-002 -0.84462673018126555     
   9.1818820213845770E-003 -0.84398399843976868     
   3.3241558578879379E-002 -0.84165708933924710     
   5.7354740701664103E-002 -0.83764225749013066     
   8.1497737304752516E-002 -0.83193741587879799     
  0.10564426740334447      -0.82454231716056392     
  0.12976508444659443      -0.81545876124930228     
  0.15382764302200266      -0.80469082623776211     
  0.17779581453039153      -0.79224511922063467     
  0.20162965850366960      -0.77813104312537784     
  0.22528525624352189      -0.76236107518833129     
  0.24871461335777037      -0.74495105225328739     
  0.27186563751874676      -0.72592045762697510     
  0.29468219732016332      -0.70529270381456366     
  0.31710426742279313      -0.68309540509496813     
  0.33906816421638680      -0.65936063359982100     
  0.36050687495511291      -0.63412515235296307     
  0.38135048172742780      -0.60743061863204317     
  0.40152667969505174      -0.57932375105338951     
  0.42096138679517281      -0.54985645397772742     
  0.43957943958287921      -0.51908589320692589     
  0.45730536715935993      -0.48707451750577069     
  0.47406423227311106      -0.45389002124665290     
  0.48978252580786785      -0.41960524444010217     
  0.50438909811483668      -0.38429800757206362     
  0.51781610815585977      -0.34805088000115342     
  0.52999996935355675      -0.31095088214640443     
  0.54088226954674035      -0.27308912327813262     
  0.55041064166289844      -0.23456037836172972     
  0.55853956175670905      -0.19546260903876009     
  0.56523105199954826      -0.15589643539879172     
  0.57045526806803948      -0.11596456663402896     
  0.57419095314478152       -7.5771199913894249E-002
  0.57642574433033522       -3.5421397810770777E-002
  0.57715632153715879        4.9795446968303389E-003
  0.57638839371095629        4.5326732256597287E-002
  0.57413652228406009        8.5516288816481489E-002
  0.57042378686863227       0.12544595389728574     
  0.56528130309934721       0.16501564511424005     
  0.55874760700297466       0.20412797760444829     
  0.55086792410174268       0.24268873229157029     
  0.54169334448654871       0.28060726640562872     
  0.53127992721491135       0.31779686131067253     
  0.51968775854384641       0.35417500440874178     
  0.50697998870353878       0.38966360361798952     
  0.49322187121051886       0.42418913460272584     
  0.47847982721047050       0.45768272250745878     
  0.46282055516620713       0.49008016136909327     
  0.44631020352292305       0.52132187561569787     
  0.42901362095708584       0.55135282908269390     
  0.41099369561167715       0.58012238777551128     
  0.39231079149135883       0.60758414317990639     
  0.37302228706951501       0.63369570327477243     
  0.35318221825350887       0.65841845855251802     
  0.33284102524636794       0.68171733031976378     
  0.31204540058663144       0.70356050836082795     
  0.29083823377159951       0.72391918472483996     
  0.26925864637812269       0.74276728997130859     
  0.24734211047559940       0.76008123770460057     
  0.22512064234921844       0.77583968266904590     
  0.20262306307813352       0.79002329708451524     
  0.17987531729679154       0.80261456929529063     
  0.15690084145837968       0.81359762819737724     
  0.13372097306729847       0.82295809631208816     
  0.11035539260476435       0.83068297379442169     
   8.6822590193991717E-002  0.83676055510800107     
   6.3140349399936069E-002  0.84118037956599656     
   3.9326240900316570E-002  0.84393321642901875     
   1.5398119073079435E-002  0.84501108476413433     
  -8.6253851991289279E-003  0.84440730780019535     
  -3.2724382017445583E-002  0.84211660105897412     
  -5.6877256640755873E-002  0.83813519309412121     
  -8.1060226691546153E-002  0.83246097722571299     
 -0.10524692875790222       0.82509369221265982     
 -0.12940804082380719       0.81603512935499334     
 -0.15351094705754287       0.80528936306096532     
 -0.17751945158899760       0.79286300144973554     
 -0.20139354797893683       0.77876545309120992     
 -0.22508925108967251       0.76300920551493290     
 -0.24855849796590490       0.74561011065731952     
 -0.27174912408293272       0.72658767197151419     
 -0.29460492087226914       0.70596532751045538     
 -0.31706577974881878       0.68377072292803809     
 -0.33906792690049253       0.66003596804500364     
 -0.36054425182962080       0.63479787041693014     
 -0.38142473103647878       0.60809813924437661     
 -0.40163694630482638       0.57998355300303872     
 -0.42110669480289148       0.55050608436683635     
 -0.43975868568835480       0.51972297636865150     
 -0.45751731516487887       0.48769676430710995     
 -0.47430750906818359       0.45449523867233710     
 -0.49005561917357870       0.42019134533018659     
 -0.50469035664726292       0.38486302036487818     
 -0.51814374355905413       0.34859295831574438     
 -0.53035206129044665       0.31146831402541308     
 -0.54125677316231036       0.27358033990405134     
 -0.55080539781044102       0.23502396205732046     
 -0.55895230986779887       0.19589730036657454     
 -0.56565944544545232       0.15630113918539287     
 -0.57089689176879443       0.11633835676157725     
 -0.57464334309661702        7.6113322744814055E-002
 -0.57688640864693086        3.5731274139528889E-002
 -0.57762276253943179       -4.7023192382313408E-003
 -0.57685813055699176       -4.5082388377220770E-002
 -0.57460711360781225       -8.5304886329767626E-002
 -0.57089285289432801      -0.12526738603237059     
 -0.56574654671808289      -0.16486964430263640     
 -0.55920683333752630      -0.20401412263626323     
 -0.55131905814269200      -0.24260645670625167     
 -0.54213444645410869      -0.28055586795803927     
 -0.53170920538231914      -0.31777551233480161     
 -0.52010357934549800      -0.35418276288898648     
 -0.50738088403979120      -0.38969942477177189     
 -0.49360654294711959      -0.42425188277807024     
 -0.47884714895027458      -0.45777118320458948     
 -0.46316957144125681      -0.49019305320547746     
 -0.44664012661395114      -0.52145786206845401     
 -0.42932382559377108      -0.55151052986001803     
 -0.41128371184003165      -0.58030038968882025     
 -0.39258029601471306      -0.60778101040985022     
 -0.37327109337753728      -0.63390998694627787     
 -0.35341026585087004      -0.65864870555583876     
 -0.33304836828067219      -0.68196209133548580     
 -0.31223219615588083      -0.70381834506639751     
 -0.29100473016658218      -0.72418867617805827     
 -0.26940517148648579      -0.74304703818211226     
 -0.24746906054360299      -0.76036987242016452     
 -0.22522847126568576      -0.77613586540876256     
 -0.20271227231408281      -0.79032572447074834     
 -0.17994644660458189      -0.80292197573306912     
 -0.15695446040660169      -0.81390878796153121     
 -0.13375767346254042      -0.82327182510390906     
 -0.11037578182902977      -0.83099812983194110     
  -8.6827285467009269E-002 -0.83707603981463174     
  -6.3129972958825192E-002 -0.84149513792174946     
  -3.9301416074878567E-002 -0.84424623704699098     
  -1.5359467223129518E-002 -0.84532139975261000     
   8.6772469277828224E-003 -0.84471399246766521     
   3.2788842169857946E-002 -0.84241877351577510     
   5.6953710220693905E-002 -0.83843201380032650     
   8.1148075284081911E-002 -0.83275164853044081     
  0.10534558007525885      -0.82537745792517270     
  0.12951690774715119      -0.81631127438287210     
  0.15362944625119401      -0.80555721314528850     
  0.17764700176702747      -0.79312192302159656     
  0.20152956790739798      -0.77901485326807873     
  0.22523315741073729      -0.76324853224932709     
  0.24870970293289102      -0.74583885304402475     
  0.27190703329740540      -0.72680536071320634     
  0.29476893111589575      -0.70617153553509360     
  0.31723527700312704      -0.68396506614487473     
  0.33924228464681250      -0.66021810621959787     
  0.36072282971890757      -0.63496750813927438     
  0.38160687401405563      -0.60825502695829048     
  0.40182198426801341      -0.58012748805952952     
  0.42129394285971639      -0.55063691205934939     
  0.43994744507289779      -0.51984059090424650     
  0.45770687484923028      -0.48780110966480039     
  0.47449714809260746      -0.45458630929831789     
  0.49024460969559241      -0.42026918661962642     
  0.50487796768746573      -0.38492772888150384     
  0.51832924539740166      -0.34864468170368573     
  0.53053473044217803      -0.31150725057273326     
  0.54143589783896129      -0.27360673772400596     
  0.55098028374948482      -0.23503811786154202     
  0.55912228639563344      -0.19589955781384769     
  0.56582387162383696      -0.15629188680017908     
  0.57105516246541210      -0.11631802542760022     
  0.57479489481695023       -7.6082382790413711E-002
  0.57703072496755126       -3.5690232042685122E-002
  0.57775937899218921        4.7529244867681245E-003
  0.57698663882917323        4.5141989204810253E-002
  0.57472716494445242        8.5372890750921929E-002
  0.57100416061448911       0.12534318199393618     
  0.56584888778582221       0.16495260413894375     
  0.55930004895897778       0.20410360756607221     
  0.55140305339169404       0.24270182130349080     
  0.54220918895862646       0.28065646453059467     
  0.53177472313118224       0.31788069514977746     
  0.52015995769857959       0.35429189218867801     
  0.50742826204383451       0.38981187053174643     
  0.49364510907344478       0.42436702816688754     
  0.47887713637935397       0.45788842771344229     
  0.46319125302272468       0.49031181542503299     
  0.44665380962937251       0.52157758209908911     
  0.42932984644399413       0.55163067135016874     
  0.41128243076991328       0.58042044150406269     
  0.39257209197623089       0.60790048794239882     
  0.37325635911861599       0.63402843308070189     
  0.35338940330244467       0.65876569131187301     
  0.33302178429932394       0.68207721621282569     
  0.31220029866443288       0.70393123711933603     
  0.29096792472085448       0.72429899184979585     
  0.26936385828336423       0.74315446192963130     
  0.24742363187395319       0.76047411616080807     
  0.22517930940558784       0.77623666781919920     
  0.20265974783944449       0.79042285016796032     
  0.17989091710737967       0.80301521436547685     
  0.15689626958571778       0.81399795323647706     
  0.13369715055827805       0.82335675377555650     
  0.11031324136773851       0.83107868067129820     
   8.6763027280659738E-002  0.83715209258094436     
   6.3064282443658859E-002  0.84156659235200049     
   3.9234564653247456E-002  0.84431301187772778     
   1.5291712973173385E-002  0.84538343178584996     
  -8.7456585090452052E-003  0.84477123569021684     
  -3.2857677303239227E-002  0.84247119827899009     
  -5.7022745913180496E-002  0.83847960606506744     
  -8.1217098359150405E-002  0.83279440917992686     
 -0.10541438619396155       0.82541540214634956     
 -0.12958530044719391       0.81634443111504595     
 -0.15369723602962868       0.80558562459297189     
 -0.17771400523053912       0.79314564422683420     
 -0.20159560701245044       0.77903395173596268     
 -0.22529805881399628       0.76326308761898298     
 -0.24877329747032012       0.74584895679606056     
 -0.27196915560815582       0.72681111590348968     
 -0.29482941942452295       0.70617305654377305     
 -0.31729397307070778       0.68396247842882352     
 -0.33929903389815685       0.66021154605595256     
 -0.36077748154922812       0.63495712234750656     
 -0.38165928227418022       0.60824097258831400     
 -0.40187200792252742       0.58010993203373706     
 -0.42134144680737556       0.55061603075722076     
 -0.43999230111337129       0.51981656967928480     
 -0.45774896277486748       0.48777414228504407     
 -0.47453635687868101       0.45455659730353637     
 -0.49028083875756745       0.42023693859050665     
 -0.50491112816955375       0.38489315961863790     
 -0.51835926145323163       0.34860801131691166     
 -0.53056154046611692       0.31146870348428346     
 -0.54145945560567532       0.27356654159188620     
 -0.55100055941992354       0.23499650243249154     
 -0.55913926734985353       0.19585675371800179     
 -0.56583756308499245       0.15624812430205232     
 -0.57106558788473527       0.11627353315012084     
 -0.57480209599648069        7.6037386430367199E-002
 -0.57703476190545233        3.5644953096985531E-002
 -0.57776032944438027       -4.7982699641210894E-003
 -0.57698459759029574       -4.5187191795441797E-002
 -0.57472224286041573       -8.5417748795670906E-002
 -0.57099648334757980      -0.12538750263000148     
 -0.56583859436117023      -0.16499620423528338     
 -0.55928729012770728      -0.20414631454422288     
 -0.55138798985105408      -0.24274347383379669     
 -0.54219198947262814      -0.28069691309688066     
 -0.53175556259668533      -0.31791980247864865     
 -0.52013901520141081      -0.35432953354274743     
 -0.50740571894751063      -0.38984793386907318     
 -0.49362114717963324      -0.42440141417164751     
 -0.47885193619460042      -0.45792104970526953     
 -0.46316499216051937      -0.49034259915650591     
 -0.44662666137064094      -0.52160646545245082     
 -0.42930197847288837      -0.55165760394555297     
 -0.41125400409564011      -0.58044538423224779     
 -0.39254326004581958      -0.60792341243545511     
 -0.37322726712020160      -0.63404932113386925     
 -0.35336018765396271      -0.65878453426964667     
 -0.33299257231356572      -0.68209401433159622     
 -0.31217120837824353      -0.70394599891807330     
 -0.29093906487385762      -0.72431173345924338     
 -0.26933532842993979      -0.74316520644933914     
 -0.24739552261120534      -0.76048289303212346     
 -0.22515170269964696      -0.77624351222109877     
 -0.20263271743255162      -0.79042780244137734     
 -0.17986452898871255      -0.80301831947058722     
 -0.15687058250974256      -0.81399926024626923     
 -0.13367221659546136      -0.82335631540795151     
 -0.11028910647365398      -0.83107655286110727     
  -8.6739731870807107E-002 -0.83714833409206379     
  -6.3041861962623874E-002 -0.84156126442944745     
  -3.9213050128128514E-002 -0.84430617793841645     
  -1.5271131542451457E-002 -0.84537515714638800     
   8.7652830988306993E-003 -0.84476158732946982     
   3.2876324239535952E-002 -0.84246024463270230     
   5.7040396903687896E-002 -0.83846741684944415     
   8.1233737266841882E-002 -0.83278105524076518     
  0.10542999872450995      -0.82540095533004953     
  0.12959987389159811      -0.81632896415763767     
  0.15371075906402223      -0.80556921102315615     
  0.17772646777435569      -0.79312835827895123     
  0.20160700014530425      -0.77901586826877989     
  0.22530837475079066      -0.76324428203622452     
  0.24878252959321029      -0.74582950496469980     
  0.27197729855304642      -0.72679109406598652     
  0.29483646921877882      -0.70615254122067195     
  0.31729992731769430      -0.68394154630843329     
  0.33930389200311301      -0.66019027386821538     
  0.36078124497984132      -0.63493558671962647     
  0.38166195484809345      -0.60821924988025988     
  0.40187359611292051      -0.58008809815235540     
  0.42134196005676228      -0.55059416094838198     
  0.43999175214490543      -0.51979473829823863     
  0.45774736788981824      -0.48775242254595136     
  0.47453373622837691      -0.45453506100996499     
  0.49027721657808471      -0.42021565584949905     
  0.50490653296779053      -0.38487219854175370     
  0.51835372613379438      -0.34858743771238809     
  0.53055510238968140      -0.31144858054511038     
  0.54145215657115076      -0.27354692958512983     
  0.55099244556482352      -0.23497745839559217     
  0.55913038896570488      -0.19583833116799282     
  0.56582797434728960      -0.15623037296368253     
  0.57105534649978740      -0.11625649870869741     
  0.57479126277035630       -7.6021110314772461E-002
  0.57702340024297005       -3.5629472297764551E-002
  0.57774850478859507        4.8129230374371057E-003
  0.57697237681504732        4.5200989414490425E-002
  0.57470969363014290        8.5430667968600438E-002
  0.57098367345967072       0.12539952511077740     
  0.56582559108657504       0.16500731648683764     
  0.55927415956536464       0.20415650765641316     
  0.55137479631090813       0.24275274339817673     
  0.54217879490069931       0.28070525904122567     
  0.53174242605387978       0.31792722886499725     
  0.52012599240563562       0.35433604833339172     
  0.50739286188631327       0.38985354866543365     
  0.49360850379812965       0.42440614393130272     
  0.47883955016101737       0.45792491244257394     
  0.46315290270935933       0.49034561563222911     
  0.44661490322136876       0.52160865885772489     
  0.42929058182020652       0.55165899958513931     
  0.41124299466590741       0.58044600921175282     
  0.39253265921300506       0.60792329535666323     
  0.37321709207394338       0.63404849180183931     
  0.35335045161181688       0.65878302341466655     
  0.33298328476934624       0.68209185334852074     
  0.31216237537843738       0.70394321962501138     
  0.29093068931440319       0.72430836787701958     
  0.26932741036613422       0.74316128660264902     
  0.24738805957411447       0.76047845077283704     
  0.22514469001308127       0.77623857907375271     
  0.20262614852540972       0.79042240947053144     
  0.17985839569824233       0.80301249716940837     
  0.15686487537200408       0.81399303844544868     
  0.13366692511997227       0.82334972320384670     
  0.11028421939984268       0.83106961856183570     
   8.6735237404480886E-002  0.83714108518014940     
   6.3037747991173454E-002  0.84155372753953150     
   3.9209304413633753E-002  0.84429837884848591     
   1.5267741892230579E-002  0.84536712078094201     
  -8.7683286843732618E-003  0.84475333777303585     
  -3.2879037441651361E-002  0.84245180515212026     
  -5.7042788982296588E-002  0.83845880992335953     
  -8.1235818979334545E-002  0.83277230259480606     
 -0.10543178026571620       0.82539207797620595     
 -0.12960136485419282       0.81631998243641246     
 -0.15371196841854054       0.80556014464711467     
 -0.17772740386789401       0.79311922637636212     
 -0.20160767071789185       0.77900668942610973     
 -0.22530878696831172       0.76323507433832793     
 -0.24878269009563836       0.74582028603163320     
 -0.27197721351662224       0.72678188108546959     
 -0.29483614443060813       0.70614335097532699     
 -0.31729936826107202       0.68393239519705196     
 -0.33930310395169672       0.66018117792043318     
 -0.36078023309860296       0.63492656160353100     
 -0.38166072429878362       0.60821031090261612     
 -0.40187215216159211       0.58007926025130463     
 -0.42134030818074003       0.55058543867865284     
 -0.43998989813645745       0.51978614580910076     
 -0.45774531795370910       0.48774397355234111     
 -0.47453149707047171       0.45452676875740811     
 -0.49027479548224040       0.42020753307365127     
 -0.50490393785842724       0.38486425742356134     
 -0.51835096562179983       0.34857968983003534     
 -0.53055218579965235       0.31144103682405966     
 -0.54144909394843199       0.27353960024766943     
 -0.55098924766134472       0.23497035291137530     
 -0.55912706720422778       0.19583145820707937     
 -0.56582454076434097       0.15622374035357550     
 -0.57105181366823521       0.11625011339679903     
 -0.57478764370326363        7.6014978337570566E-002
 -0.57701970828099558        3.5623598757900873E-002
 -0.57774475347376875       -4.8185339852629405E-003
 -0.57696857975421489       -4.5206334568057990E-002
 -0.57470586435170479       -8.5435745072677330E-002
 -0.57097982526743796      -0.12540433284139799     
 -0.56582173691460835      -0.16501185442542057     
 -0.55927031183756104      -0.20416077625404985     
 -0.55137096680885400      -0.24275674393066965     
 -0.54217499464294017      -0.28070899355567547     
 -0.53173866518929203      -0.31793070011892594     
 -0.52012228012304262      -0.35433925972753894     
 -0.50738920634190321      -0.38985650417147216     
 -0.49360491206163720      -0.42440884801578677     
 -0.47883602818104437      -0.45792736998845990     
 -0.46314945529766521      -0.49034783185929648     
 -0.44661153405547382      -0.52161063924317963     
 -0.42928729346323574      -0.55166074978560609     
 -0.41123978860227028      -0.58044753498776502     
 -0.39252953589825634      -0.60792460250064295     
 -0.37321405099700750      -0.63404958607043349     
 -0.35334749136767174      -0.65878391046617046     
 -0.33298040314024785      -0.68209253868598785     
 -0.31215956942181156      -0.70394370854551469     
 -0.29092795545562561      -0.72430866542740846     
 -0.26932474449455029      -0.74316139754202704     
 -0.24738545714080856      -0.76047837954188369     
 -0.22514214612907590      -0.77623832977091900     
 -0.20262365805915217      -0.79042198583505963     
 -0.17985595337141058      -0.80301190257105837     
 -0.15686247585282820      -0.81399227588075629     
 -0.13366456311341679      -0.82334879529869542     
 -0.11028188973412782      -0.83106852758008443     
  -8.6732935113528975E-002 -0.83713983303803141     
  -6.3035468392654864E-002 -0.84155231582551726     
  -3.9207043182352325E-002 -0.84429680884828195     
  -1.5265495128628221E-002 -0.84536539350728590     
   8.7705643907909289E-003 -0.84475145399993057     
   3.2881264954166822E-002 -0.84244976545313888     
   5.7045010564324622E-002 -0.83845661471363619     
   8.1238036247506001E-002 -0.83276995217631078     
  0.10543399414899135      -0.82538957258588141     
  0.12960357555934604      -0.81631732229672715     
  0.15371417540241261      -0.80555733001855823     
  0.17772960581686437      -0.79311625761137772     
  0.20160986553506835      -0.77900356702392293     
  0.22531097176897755      -0.76323179900009452     
  0.24878486121151475      -0.74581685871528847     
  0.27197936650950322      -0.72677830305962321     
  0.29483827411589825      -0.70613962387151030     
  0.31730146874169340      -0.68392852105959179     
  0.33930516866273369      -0.66017715925320042     
  0.36078225486291282      -0.63492240141279654     
  0.38166269539361869      -0.60820601273524322     
  0.40187406439605489      -0.58007482822751932     
  0.42134215298362787      -0.55058087751866536     
  0.43999166665375611      -0.51978146085290244     
  0.45774700115467221      -0.48773917077207540     
  0.47453308586088194      -0.45452185476181367     
  0.49027628082311797      -0.42020251510419543     
  0.50490531088812896      -0.38485914334202642     
  0.51835221777916762      -0.34857448809748470     
  0.53055330894564623      -0.31143575647128946     
  0.54145008048352505      -0.27353425083744271     
  0.55099009063589111      -0.23496494449293032     
  0.55912776041905032      -0.19582600126359678     
  0.56582507885893008      -0.15621824574347168     
  0.57105219219420422      -0.11624459228987738     
  0.57478785918106445       -7.6009442147202871E-002
  0.57701975823835550       -3.5618059070517981E-002
  0.57774463646483698        4.8240654820206133E-003
  0.57696829535898742        4.5211846157149738E-002
  0.57470541315590717        8.5441225078063246E-002
  0.57097920882364828       0.12540976969571863     
  0.56582095768597240       0.16501723673373669     
  0.55926937312596392       0.20416609285255416     
  0.55136987266984450       0.24276198393944329     
  0.54217374979003008       0.28071414642474540     
  0.53173727489047518       0.31793575566707866     
  0.52012075009248127       0.35434420817355233     
  0.50738754262972319       0.38986133615763297     
  0.49360312094465930       0.42441355462375913     
  0.47883411605708132       0.45793194274775484     
  0.46314742858573699       0.49035226274875643     
  0.44660939910396358       0.52161492068603388     
  0.42928505646764775       0.55166487463876923     
  0.41123745553386892       0.58045149652614003     
  0.39252711244448929       0.60792839439725432     
  0.37321154251425392       0.63405320237325213     
  0.35334490284652337       0.65878734557250873     
  0.33297773918323414       0.68209578731533516     
  0.31215683423322571       0.70394676571166093     
  0.29092515284289827       0.72431152641066376     
  0.26932187788045175       0.74316405786229534     
  0.24738252958563697       0.76048083493328988     
  0.22513916036190265       0.77624057615862307     
  0.20262061651714361       0.79042401931482309     
  0.17985285824622002       0.80301371939205846     
  0.15685932914304804       0.81399387243207177     
  0.13366136668209205       0.82335016809981820     
  0.11027864537035467       0.83106967327574299     
   8.6729644597186295E-002  0.83714074839754604     
   6.3032133561344378E-002  0.84155299774684011     
   3.9203665999644297E-002  0.84429725436681524     
   1.5262077752725828E-002  0.84536559980950610     
  -8.7740195388484495E-003  0.84475141844178669     
  -3.2884755123645720E-002  0.84244948558313149     
  -5.7048532610177782E-002  0.83845608830041907     
  -8.1241586568913879E-002  0.83276917724059507     
 -0.10543756863201295       0.82538854743635415     
 -0.12960716952466514       0.81631604556962756     
 -0.15371778355920654       0.80555580072048305     
 -0.17773322222385682       0.79311447516481304     
 -0.20161348356985792       0.77900153131492300     
 -0.22531458410674951       0.76322951042745057     
 -0.24878845981423864       0.74581431824045386     
 -0.27198294262668810       0.72677551225658565     
 -0.29484181829791012       0.70613658497573195     
 -0.31730497086653336       0.68392523701507457     
 -0.33930861797702000       0.66017363375668314     
 -0.36078564003760155       0.63491863895405098     
 -0.38166600459473832       0.60820201863241929     
 -0.40187728537041228       0.58007060865649041     
 -0.42134527315907122       0.55057643953535540     
 -0.43999467325317010       0.51977681240763352     
 -0.45774988132242883       0.48773432071506351     
 -0.47453582680000195       0.45451681283906337     
 -0.49027886994092951       0.42019729194319833     
 -0.50490773594775973       0.38485375042685516     
 -0.51835446705380817       0.34856893773308861     
 -0.53055537137218489       0.31143006173703569     
 -0.54145194581192468       0.27352842553020096     
 -0.55099174957055785       0.23495900306026191     
 -0.55912920474845917       0.19581995872786975     
 -0.56582630156993874       0.15621211761797404     
 -0.57105318756779666       0.11623839448822827     
 -0.57478862286672161        7.6003190887557748E-002
 -0.57702028730483612        3.5611770776219215E-002
 -0.57774492942584299       -4.8303742835897959E-003
 -0.57696835217295372       -4.5218158935696563E-002
 -0.57470523519996375       -8.5447525399694024E-002
 -0.57097879884260994      -0.12541604131867673     
 -0.56582031971798219      -0.16502346369893550     
 -0.55926851240711162      -0.20417225956743332     
 -0.55136879552067430      -0.24276807525388053     
 -0.54217246348731285      -0.28072014769799242     
 -0.53173578752793582      -0.31794165282494791     
 -0.52011907043433825      -0.35434998775535159     
 -0.50738567996091011      -0.38986698535261533     
 -0.49360108492147442      -0.42441906129711854     
 -0.47883191656176360      -0.45793729545644202     
 -0.46314507558811807      -0.49035745074761028     
 -0.44660690253292162      -0.52161993392491479     
 -0.42928242609461581      -0.55166970375153790     
 -0.41123470087015185      -0.58045613281244857     
 -0.39252424265364422      -0.60793282979820362     
 -0.37320856634030808      -0.63405742944202514     
 -0.35334182855835855      -0.65879135744111028     
 -0.33297457453506818      -0.68209957765856510     
 -0.31215358644077690      -0.70395032870941954     
 -0.29092182857453253      -0.72431485670963680     
 -0.26931848326238683      -0.74316715053800386     
 -0.24737907022010525      -0.76048368545341127     
 -0.22513564135705660      -0.77624318034840523     
 -0.20261704252741264      -0.79042637332532406     
 -0.17984923352179211      -0.80301581967184954     
 -0.15685565758714398      -0.81399571570294960     
 -0.13365765191471773      -0.82335175133697980     
 -0.11027489079724859      -0.83107099369278725     
  -8.6725853482722839E-002 -0.83714180343657785     
  -6.3028309104197378E-002 -0.84155378507387169     
  -3.9199811410057947E-002 -0.84429777187257571     
  -1.5258196330278272E-002 -0.84536584561569517     
   8.7779243280748272E-003 -0.84475139091272988     
   3.2888679571555071E-002 -0.84244918334272101     
   5.7052472693873410E-002 -0.83845551025414988     
   8.1245537881693281E-002 -0.83276832260243139     
  0.10544152631922023      -0.82538741576008601     
  0.12961112822549320      -0.81631463678430149     
  0.15372173735555897      -0.80555411516941233     
  0.17773716459740024      -0.79311251364759427     
  0.20161740736840655      -0.77899929513180577     
  0.22531848152111636      -0.76322700142532762     
  0.24879232236666682      -0.74581153885966089     
  0.27198676117192266      -0.72677246557762631     
  0.29484558303787906      -0.70613327476497478     
  0.31730867137947899      -0.68392166776841123     
  0.33931224326173975      -0.66016981074008940     
  0.36078917857322651      -0.63491456823996351     
  0.38166944441618900      -0.60819770713083032     
  0.40188061415932796      -0.58006606413967732     
  0.42134847834961903      -0.55057167065520396     
  0.43999774215170234      -0.51977182870458483     
  0.45775280123948997      -0.48772913261782053     
  0.47453858519270925      -0.45451143165433089     
  0.49028145456327304      -0.42019172983490177     
  0.50491013500592319      -0.38484802038448718     
  0.51835666936321956      -0.34856305352906181     
  0.53055736651269580      -0.31142403787317308     
  0.54145372427730787      -0.27352227717376154     
  0.55099330290843285      -0.23495274597017124     
  0.55913052568682264      -0.19581360917209364     
  0.56582738412668299      -0.15620569228322584     
  0.57105402713997466      -0.11623191038342762     
  0.57478921629682833       -7.5996665242649628E-002
  0.57702063292201511       -3.5605220938108563E-002
  0.57774502706067565        4.8369309561387339E-003
  0.57696820314529951        4.5224705176309700E-002
  0.57470484228016305        8.5454044135921114E-002
  0.57097816618719921       0.12542251576902508     
  0.56581945278185286       0.16502987746375478     
  0.55926741783474676       0.20417859671218705     
  0.55136748101967625       0.24277432038356439     
  0.54217093768787628       0.28072628602171573     
  0.53173405983220634       0.31794767020997017     
  0.52011715085972288       0.35435587077015079     
  0.50738357898137521       0.38987272129884709     
  0.49359881331069533       0.42442463823059579     
  0.47882948524169405       0.45794270219751437     
  0.46314249548615172       0.49036267688154500     
  0.44660418445035349       0.52162496979306971     
  0.42927958058859456       0.55167454043427133     
  0.41123173815078745       0.58046076210482644     
  0.39252117249740798       0.60793724417964501     
  0.37320539802036173       0.63406162204107031     
  0.35333857079199210       0.65879532199650981     
  0.33297123544801965       0.68210330847787115     
  0.31215017354786306       0.70395382062622158     
  0.29091834877573608       0.72431810504052307     
  0.26931494285332752       0.74317015104025597     
  0.24737547491566031       0.76048643428435214     
  0.22513199632679010       0.77624567402722744     
  0.20261335244141251       0.79042860869812637     
  0.17984550260549245       0.80301779388051087     
  0.15685188968371871       0.81399742615837123     
  0.13365385055366316       0.82335319569712762     
  0.11027105926781905       0.83107216984587495     
   8.6721994910937045E-002  0.83714270948964054     
   6.3024426532189509E-002  0.84155441934689379     
   3.9195907876600766E-002  0.84429813289825584     
   1.5254274951351690E-002  0.84536593214485045     
  -8.7818602797593848E-003  0.84475120192526731     
  -3.2892626589138593E-002  0.84244871806402766     
