   7.0000000000000007E-002  -4.6051702083398336     
  0.14000000000000001       -4.6068705461428268     
  0.21000000000000002       -4.6102371810677845     
  0.28000000000000003       -4.6152604630551206     
  0.35000000000000003       -4.6219522434924158     
  0.42000000000000004       -4.6303433487713601     
  0.49000000000000005       -4.6404813891110406     
  0.56000000000000005       -4.6524288865775514     
  0.63000000000000012       -4.6662617157342892     
  0.70000000000000018       -4.6820678585208571     
  0.77000000000000024       -4.6999464822845747     
  0.84000000000000030       -4.7200073568956897     
  0.91000000000000036       -4.7423706341543514     
  0.98000000000000043       -4.7671670209575758     
   1.0500000000000005       -4.7945383878361616     
   1.1200000000000006       -4.8246388676706786     
   1.1900000000000006       -4.8576365172288138     
   1.2600000000000007       -4.8937156388120240     
   1.3300000000000007       -4.9330798938484737     
   1.4000000000000008       -4.9759563892204728     
   1.4700000000000009       -5.0226009871919599     
   1.5400000000000009       -5.0733051913002427     
   1.6100000000000010       -5.1284051096568888     
   1.6800000000000010       -5.1882932197682612     
   1.7500000000000011       -5.2534339981890366     
   1.8200000000000012       -5.3243850070229950     
   1.8900000000000012       -5.4018258753069350     
   1.9600000000000013       -5.4865990084499749     
   2.0300000000000011       -5.5797682402236433     
   2.1000000000000010       -5.6827058711817493     
   2.1700000000000008       -5.7972264049337046     
   2.2400000000000007       -5.9258007514076754     
   2.3100000000000005       -6.0719170992641605     
   2.3800000000000003       -6.2407284309647801     
   2.4500000000000002       -6.4403124790043504     
   2.5200000000000000       -6.6844051749685249     
   2.5899999999999999       -6.9993266480315794     
   2.6599999999999997       -7.4463991961523481     
   2.7299999999999995       -8.2387816911113756     
   2.7999999999999994       -10.013609315371403     
   2.8699999999999992       -7.9782884938344578     
   2.9399999999999991       -7.3707330212054014     
   3.0099999999999989       -7.0085381555530910     
   3.0799999999999987       -6.7535779558356106     
   3.1499999999999986       -6.5592722606212250     
   3.2199999999999984       -6.4041441755757722     
   3.2899999999999983       -6.2764859938465074     
   3.3599999999999981       -6.1691963373023446     
   3.4299999999999979       -6.0776335522189804     
   3.4999999999999978       -5.9985905905567041     
   3.5699999999999976       -5.9297545342754043     
   3.6399999999999975       -5.8693995852456116     
   3.7099999999999973       -5.8162022171120027     
   3.7799999999999971       -5.7691245620811245     
   3.8499999999999970       -5.7273379843814931     
   3.9199999999999968       -5.6901713828024132     
   3.9899999999999967       -5.6570752826292825     
   4.0599999999999969       -5.6275963312550630     
   4.1299999999999972       -5.6013588370258249     
   4.1999999999999975       -5.5780511897534240     
   4.2699999999999978       -5.5574157349205802     
   4.3399999999999981       -5.5392411357398439     
   4.4099999999999984       -5.5233565559357691     
   4.4799999999999986       -5.5096271936219390     
   4.5499999999999989       -5.4979508298733890     
   4.6199999999999992       -5.4882551470527066     
   4.6899999999999995       -5.4804956357076797     
   4.7599999999999998       -5.4746539539282422     
   4.8300000000000001       -5.4707366353547178     
   4.9000000000000004       -5.4687740655818518     
   4.9700000000000006       -5.4688196643287279     
   5.0400000000000009       -5.4709492245328093     
   5.1100000000000012       -5.4752603711279821     
   5.1800000000000015       -5.4818721130841768     
   5.2500000000000018       -5.4909244736063245     
   5.3200000000000021       -5.5025781964788445     
   5.3900000000000023       -5.5170145427108954     
   5.4600000000000026       -5.5344352123163754     
   5.5300000000000029       -5.5550624528743571     
   5.6000000000000032       -5.5791394513974915     
   5.6700000000000035       -5.6069311514633551     
   5.7400000000000038       -5.6387256969126067     
   5.8100000000000041       -5.6748367816331298     
   5.8800000000000043       -5.7156072896798076     
   5.9500000000000046       -5.7614147535342735     
   6.0200000000000049       -5.8126793610276533     
   6.0900000000000052       -5.8698755376300467     
   6.1600000000000055       -5.9335485793431193     
   6.2300000000000058       -6.0043385156260518     
   6.3000000000000060       -6.0830145277192802     
   6.3700000000000063       -6.1705251818687836     
   6.4400000000000066       -6.2680731310120334     
   6.5100000000000069       -6.3772291594043944     
   6.5800000000000072       -6.5001124386999836     
   6.6500000000000075       -6.6396884315703684     
   6.7200000000000077       -6.8002900719741284     
   6.7900000000000080       -6.9885990482399052     
   6.8600000000000083       -7.2156823579376814     
   6.9300000000000086       -7.5018326162703834     
   7.0000000000000089       -7.8906843597991099     
   7.0700000000000092       -8.5082329085854749     
   7.1400000000000095       -10.257884814890241     
   7.2100000000000097       -8.9804140534205370     
   7.2800000000000100       -8.1770290809174249     
   7.3500000000000103       -7.7502208377087385     
   7.4200000000000106       -7.4611873206135675     
   7.4900000000000109       -7.2440681159524107     
   7.5600000000000112       -7.0709810286043826     
   7.6300000000000114       -6.9274307352938047     
   7.7000000000000117       -6.8048783326123612     
   7.7700000000000120       -6.6978474181961749     
   7.8400000000000123       -6.6026022934767434     
   7.9100000000000126       -6.5164733197167193     
   7.9800000000000129       -6.4374829783609018     
   8.0500000000000131       -6.3641248988889219     
   8.1200000000000134       -6.2952263817293481     
   8.1900000000000137       -6.2298591408334945     
   8.2600000000000140       -6.1672792088651454     
   8.3300000000000143       -6.1068851697014361     
   8.4000000000000146       -6.0481882883779798     
   8.4700000000000149       -5.9907905825736849     
   8.5400000000000151       -5.9343683261187321     
   8.6100000000000154       -5.8786593506264744     
   8.6800000000000157       -5.8234530577107835     
   8.7500000000000160       -5.7685824041855316     
   8.8200000000000163       -5.7139173518250512     
   8.8900000000000166       -5.6593594261721520     
   8.9600000000000168       -5.6048371324603190     
   9.0300000000000171       -5.5503020476960510     
   9.1000000000000174       -5.4957254570390699     
   9.1700000000000177       -5.4410954367745177     
   9.2400000000000180       -5.3864143100788775     
   9.3100000000000183       -5.3316964185856213     
   9.3800000000000185       -5.2769661646566206     
   9.4500000000000188       -5.2222562877741341     
   9.5200000000000191       -5.1676063446586671     
   9.5900000000000194       -5.1130613673263872     
   9.6600000000000197       -5.0586706768530023     
   9.7300000000000200       -5.0044868334558119     
   9.8000000000000203       -4.9505647058839255     
   9.8700000000000205       -4.8969606451745351     
   9.9400000000000208       -4.8437317496807246     
   10.010000000000021       -4.7909352099695823     
   10.080000000000021       -4.7386277237494276     
   10.150000000000022       -4.6868649724290563     
   10.220000000000022       -4.6357011522402720     
   10.290000000000022       -4.5851885540645858     
   10.360000000000023       -4.5353771871912940     
   10.430000000000023       -4.4863144431910253     
   10.500000000000023       -4.4380447969146459     
   10.570000000000023       -4.3906095423203242     
   10.640000000000024       -4.3440465613951718     
   10.710000000000024       -4.2983901248777494     
   10.780000000000024       -4.2536707238130997     
   10.850000000000025       -4.2099149311939961     
   10.920000000000025       -4.1671452930763477     
   10.990000000000025       -4.1253802486191544     
   11.060000000000025       -4.0846340785038473     
   11.130000000000026       -4.0449168811581186     
   11.200000000000026       -4.0062345761545286     
   11.270000000000026       -3.9685889340954290     
   11.340000000000027       -3.9319776322432771     
   11.410000000000027       -3.8963943351201622     
   11.480000000000027       -3.8618287992889706     
   11.550000000000027       -3.8282670015467444     
   11.620000000000028       -3.7956912898049722     
   11.690000000000028       -3.7640805560011921     
   11.760000000000028       -3.7334104304736213     
   11.830000000000028       -3.7036534973276707     
   11.900000000000029       -3.6747795304171089     
   11.970000000000029       -3.6467557496449134     
   12.040000000000029       -3.6195470973460453     
   12.110000000000030       -3.5931165345357354     
   12.180000000000030       -3.5674253567862171     
   12.250000000000030       -3.5424335294228562     
   12.320000000000030       -3.5181000416087973     
   12.390000000000031       -3.4943832787142206     
   12.460000000000031       -3.4712414121488906     
   12.530000000000031       -3.4486328055850763     
   12.600000000000032       -3.4265164362254006     
   12.670000000000032       -3.4048523294931048     
   12.740000000000032       -3.3836020052606712     
   12.810000000000032       -3.3627289335076012     
   12.880000000000033       -3.3421989971277424     
   12.950000000000033       -3.3219809595129584     
   13.020000000000033       -3.3020469345358685     
   13.090000000000034       -3.2823728566534967     
   13.160000000000034       -3.2629389490593947     
   13.230000000000034       -3.2437301881230254     
   13.300000000000034       -3.2247367627606609     
   13.370000000000035       -3.2059545278631636     
   13.440000000000035       -3.1873854514332725     
   13.510000000000035       -3.1690380556207596     
   13.580000000000036       -3.1509278523428734     
   13.650000000000036       -3.1330777745841929     
   13.720000000000036       -3.1155186047268493     
   13.790000000000036       -3.0982894013034152     
   13.860000000000037       -3.0814379253275788     
   13.930000000000037       -3.0650210667770597     
   14.000000000000037       -3.0491052708240112     
   14.070000000000038       -3.0337669619842198     
   14.140000000000038       -3.0190929624602583     
   14.210000000000038       -3.0051808985873150     
   14.280000000000038       -2.9921395864905658     
   14.350000000000039       -2.9800893849182106     
   14.420000000000039       -2.9691624998801904     
   14.490000000000039       -2.9595032224329714     
   14.560000000000040       -2.9512680780390812     
   14.630000000000040       -2.9446258638344207     
   14.700000000000040       -2.9397575494127590     
   14.770000000000040       -2.9368560180459777     
   14.840000000000041       -2.9361256293490814     
   14.910000000000041       -2.9377815920636299     
   14.980000000000041       -2.9420491476450850     
   15.050000000000042       -2.9491625823710619     
   15.120000000000042       -2.9593641082185727     
   15.190000000000042       -2.9729026810002570     
   15.260000000000042       -2.9900328581120807     
   15.330000000000043       -3.0110138373885103     
   15.400000000000043       -3.0361088625975721     
   15.470000000000043       -3.0655852299860720     
   15.540000000000044       -3.0997151849425069     
   15.610000000000044       -3.1387780611855067     
   15.680000000000044       -3.1830640931833249     
   15.750000000000044       -3.2328804374683409     
   15.820000000000045       -3.2885600903745731     
   15.890000000000045       -3.3504746223933055     
   15.960000000000045       -3.4190520192995852     
   16.030000000000044       -3.4948015231739871     
   16.100000000000044       -3.5783483697707794     
   16.170000000000044       -3.6704830269947961     
   16.240000000000045       -3.7722325333621947     
   16.310000000000045       -3.8849669809823482     
   16.380000000000045       -4.0105645631973301     
   16.450000000000045       -4.1516795442357095     
   16.520000000000046       -4.3122028611312526     
   16.590000000000046       -4.4981124115309123     
   16.660000000000046       -4.7191947874627402     
   16.730000000000047       -4.9930000462183752     
   16.800000000000047       -5.3557786205025302     
   16.870000000000047       -5.9038119670167237     
   16.940000000000047       -7.1205163775531402     
   17.010000000000048       -6.8643431087244613     
   17.080000000000048       -5.8662124264949549     
   17.150000000000048       -5.3893662544649512     
   17.220000000000049       -5.0760241525232148     
   17.290000000000049       -4.8433926365981073     
   17.360000000000049       -4.6586309441906133     
   17.430000000000049       -4.5052869835387748     
   17.500000000000050       -4.3739135739393449     
   17.570000000000050       -4.2585724010272825     
   17.640000000000050       -4.1552832412436675     
   17.710000000000051       -4.0612487363936598     
   17.780000000000051       -3.9744312822069916     
   17.850000000000051       -3.8933059127622296     
   17.920000000000051       -3.8167079376339954     
   17.990000000000052       -3.7437347083737138     
   18.060000000000052       -3.6736798441828249     
   18.130000000000052       -3.6059877267251190     
   18.200000000000053       -3.5402210961516305     
   18.270000000000053       -3.4760373725405609     
   18.340000000000053       -3.4131709443855116     
   18.410000000000053       -3.3514196362822535     
   18.480000000000054       -3.2906341681937303     
   18.550000000000054       -3.2307097996561063     
   18.620000000000054       -3.1715795995476577     
   18.690000000000055       -3.1132089455985663     
   18.760000000000055       -3.0555909678066979     
   18.830000000000055       -2.9987427249911729     
   18.900000000000055       -2.9427019556831127     
   18.970000000000056       -2.8875242810940458     
   19.040000000000056       -2.8332807640852771     
   19.110000000000056       -2.7800557473097158     
   19.180000000000057       -2.7279449083415370     
   19.250000000000057       -2.6770534812651769     
   19.320000000000057       -2.6274946039796041     
   19.390000000000057       -2.5793877591518886     
   19.460000000000058       -2.5328572848304884     
   19.530000000000058       -2.4880309385071464     
   19.600000000000058       -2.4450385060335260     
   19.670000000000059       -2.4040104542552778     
   19.740000000000059       -2.3650766334030511     
   19.810000000000059       -2.3283650419669146     
   19.880000000000059       -2.2940006726962268     
   19.950000000000060       -2.2621044631993192     
   20.020000000000060       -2.2327923780600747     
   20.090000000000060       -2.2061746511843756     
   20.160000000000061       -2.1823552170792220     
   20.230000000000061       -2.1614313579226665     
   20.300000000000061       -2.1434935897368343     
   20.370000000000061       -2.1286258060333267     
   20.440000000000062       -2.1169056914244981     
   20.510000000000062       -2.1084054114868676     
   20.580000000000062       -2.1031925793132564     
   20.650000000000063       -2.1013314944339796     
   20.720000000000063       -2.1028846468531768     
   20.790000000000063       -2.1079144785276909     
   20.860000000000063       -2.1164853973563682     
   20.930000000000064       -2.1286660452646533     
   21.000000000000064       -2.1445318329102658     
   21.070000000000064       -2.1641677696842510     
   21.140000000000065       -2.1876716401150191     
   21.210000000000065       -2.2151576081100752     
   21.280000000000065       -2.2467603711729063     
   21.350000000000065       -2.2826400416904176     
   21.420000000000066       -2.3229880076878668     
   21.490000000000066       -2.3680341307121791     
   21.560000000000066       -2.4180557890936862     
   21.630000000000067       -2.4733894956758489     
   21.700000000000067       -2.5344461514857701     
   21.770000000000067       -2.6017315108873809     
   21.840000000000067       -2.6758742522039070     
   21.910000000000068       -2.7576653925688310     
   21.980000000000068       -2.8481150741343253     
   22.050000000000068       -2.9485368007288533     
   22.120000000000068       -3.0606767158911543     
   22.190000000000069       -3.1869202121311058     
   22.260000000000069       -3.3306388484198939     
   22.330000000000069       -3.4968099159755939     
   22.400000000000070       -3.6932143007473313     
   22.470000000000070       -3.9330120639962916     
   22.540000000000070       -4.2411824252593124     
   22.610000000000070       -4.6749103766359630     
   22.680000000000071       -5.4246514265149601     
   22.750000000000071       -7.9404678936809949     
   22.820000000000071       -5.3082049423820035     
   22.890000000000072       -4.6703727409267239     
   22.960000000000072       -4.2974818357249571     
   23.030000000000072       -4.0371777240292719     
   23.100000000000072       -3.8397970765265117     
   23.170000000000073       -3.6828102425413500     
   23.240000000000073       -3.5540638932255675     
   23.310000000000073       -3.4462479659183605     
   23.380000000000074       -3.3546227925136778     
   23.450000000000074       -3.2759427192014314     
   23.520000000000074       -3.2078920776199209     
   23.590000000000074       -3.1487662754661283     
   23.660000000000075       -3.0972804453785931     
   23.730000000000075       -3.0524490162875582     
   23.800000000000075       -3.0135068853134119     
   23.870000000000076       -2.9798560920922297     
   23.940000000000076       -2.9510287150335328     
   24.010000000000076       -2.9266604133487735     
   24.080000000000076       -2.9064711432814798     
   24.150000000000077       -2.8902508197478354     
   24.220000000000077       -2.8778484539662599     
   24.290000000000077       -2.8691637763714075     
   24.360000000000078       -2.8641406651325707     
   24.430000000000078       -2.8627619091129399     
   24.500000000000078       -2.8650449789833790     
   24.570000000000078       -2.8710385853508109     
   24.640000000000079       -2.8808198833614842     
   24.710000000000079       -2.8944922492757481     
   24.780000000000079       -2.9121836128636520     
   24.850000000000080       -2.9340453852317308     
   24.920000000000080       -2.9602520791209566     
   24.990000000000080       -2.9910017820702315     
   25.060000000000080       -3.0265177172757087     
   25.130000000000081       -3.0670512197714235     
   25.200000000000081       -3.1128865778826462     
   25.270000000000081       -3.1643483597091082     
   25.340000000000082       -3.2218120912066803     
   25.410000000000082       -3.2857195258187986     
   25.480000000000082       -3.3566003306914820     
   25.550000000000082       -3.4351029616195636     
   25.620000000000083       -3.5220390827509562     
   25.690000000000083       -3.6184486304868129     
   25.760000000000083       -3.7256975666803926     
   25.830000000000084       -3.8456297110928657     
   25.900000000000084       -3.9808127236146582     
   25.970000000000084       -4.1349583034397686     
   26.040000000000084       -4.3136899387855658     
   26.110000000000085       -4.5260741016867305     
   26.180000000000085       -4.7880603462382583     
   26.250000000000085       -5.1316733875874041     
   26.320000000000086       -5.6376467159156878     
   26.390000000000086       -6.6498309765688610     
   26.460000000000086       -7.0195105263582382     
   26.530000000000086       -5.8071753067038596     
   26.600000000000087       -5.2895855523007720     
   26.670000000000087       -4.9600509503873766     
   26.740000000000087       -4.7197176399832594     
   26.810000000000088       -4.5313791323226198     
   26.880000000000088       -4.3768937089430331     
   26.950000000000088       -4.2460102855954753     
   27.020000000000088       -4.1323478478164830     
   27.090000000000089       -4.0316520320534392     
   27.160000000000089       -3.9409376313189504     
   27.230000000000089       -3.8580263380911863     
   27.300000000000090       -3.7812794335015782     
   27.370000000000090       -3.7094343396000173     
   27.440000000000090       -3.6414999998155828     
   27.510000000000090       -3.5766872797776155     
   27.580000000000091       -3.5143610935529650     
   27.650000000000091       -3.4540064843537186     
   27.720000000000091       -3.3952039394080629     
   27.790000000000092       -3.3376109764504855     
   27.860000000000092       -3.2809480898517607     
   27.930000000000092       -3.2249877925436907     
   28.000000000000092       -3.1695459009191591     
   28.070000000000093       -3.1144744768306167     
   28.140000000000093       -3.0596560177479870     
   28.210000000000093       -3.0049986054681765     
   28.280000000000094       -2.9504318054166463     
   28.350000000000094       -2.8959031651329608     
   28.420000000000094       -2.8413752000973496     
   28.490000000000094       -2.7868227829928220     
   28.560000000000095       -2.7322308723950850     
   28.630000000000095       -2.6775925311900579     
   28.700000000000095       -2.6229071954243013     
   28.770000000000095       -2.5681791619717687     
   28.840000000000096       -2.5134162691710249     
   28.910000000000096       -2.4586287490230450     
   28.980000000000096       -2.4038282330440670     
   29.050000000000097       -2.3490268967162060     
   29.120000000000097       -2.2942367298638651     
   29.190000000000097       -2.2394689223390403     
   29.260000000000097       -2.1847333562112596     
   29.330000000000098       -2.1300381972912352     
   29.400000000000098       -2.0753895803118687     
   29.470000000000098       -2.0207913834754558     
   29.540000000000099       -1.9662450893715322     
   29.610000000000099       -1.9117497304905098     
   29.680000000000099       -1.8573019187130648     
   29.750000000000099       -1.8028959592505580     
   29.820000000000100       -1.7485240505493673     
   29.890000000000100       -1.6941765726499145     
   29.960000000000100       -1.6398424674012411     
   30.030000000000101       -1.5855097147614423     
   30.100000000000101       -1.5311659101391346     
   30.170000000000101       -1.4767989483206627     
   30.240000000000101       -1.4223978199350034     
   30.310000000000102       -1.3679535265712444     
   30.380000000000102       -1.3134601204986620     
   30.450000000000102       -1.2589158743366859     
   30.520000000000103       -1.2043245848388340     
   30.590000000000103       -1.1496970130084430     
   30.660000000000103       -1.0950524598259455     
   30.730000000000103       -1.0404204726570792     
   30.800000000000104      -0.98584267159506977     
   30.870000000000104      -0.93137467718794120     
   30.940000000000104      -0.87708811080760019     
   31.010000000000105      -0.82307262593785935     
   31.080000000000105      -0.76943791258371774     
   31.150000000000105      -0.71631559771606246     
   31.220000000000105      -0.66386094239285443     
   31.290000000000106      -0.61225421171448058     
   31.360000000000106      -0.56170156863723431     
   31.430000000000106      -0.51243531946214216     
   31.500000000000107      -0.46471332130529241     
   31.570000000000107      -0.41881735500199241     
   31.640000000000107      -0.37505027656815759     
   31.710000000000107      -0.33373179259937008     
   31.780000000000108      -0.29519276488260421     
   31.850000000000108      -0.25976803943150034     
   31.920000000000108      -0.22778791308608051     
   31.990000000000109      -0.19956848877322095     
   32.060000000000109      -0.17540131413206925     
   32.130000000000109      -0.15554282779400985     
   32.200000000000109      -0.14020423111952904     
   32.270000000000110      -0.12954244058697489     
   32.340000000000110      -0.12365274405512557     
   32.410000000000110      -0.12256368015802582     
   32.480000000000111      -0.12623449371943538     
   32.550000000000111      -0.13455531185060321     
   32.620000000000111      -0.14734996308694923     
   32.690000000000111      -0.16438115524073041     
   32.760000000000112      -0.18535756280623419     
   32.830000000000112      -0.20994227002720431     
   32.900000000000112      -0.23776197890021206     
   32.970000000000113      -0.26841641938114230     
   33.040000000000113      -0.30148747973874906     
   33.110000000000113      -0.33654769039662480     
   33.180000000000113      -0.37316782483821026     
   33.250000000000114      -0.41092350798757982     
   33.320000000000114      -0.44940083187562396     
   33.390000000000114      -0.48820106166654159     
   33.460000000000115      -0.52694456883095386     
   33.530000000000115      -0.56527415330261632     
   33.600000000000115      -0.60285791671856792     
   33.670000000000115      -0.63939182985322252     
   33.740000000000116      -0.67460210525830488     
   33.810000000000116      -0.70824744693947639     
   33.880000000000116      -0.74012120811162996     
   33.950000000000117      -0.77005345034999828     
   34.020000000000117      -0.79791286649513227     
   34.090000000000117      -0.82360850806561281     
   34.160000000000117      -0.84709124702278749     
   34.230000000000118      -0.86835490151413020     
   34.300000000000118      -0.88743696434995856     
   34.370000000000118      -0.90441888890392275     
   34.440000000000119      -0.91942590646235023     
   34.510000000000119      -0.93262636798431175     
   34.580000000000119      -0.94423061816780662     
   34.650000000000119      -0.95448941782588237     
   34.720000000000120      -0.96369193032986145     
   34.790000000000120      -0.97216327938846103     
   34.860000000000120      -0.98026167060061753     
   34.930000000000121      -0.98837505165439599     
   35.000000000000121      -0.99691727076143299     
   35.070000000000121       -1.0063236858337330     
   35.140000000000121       -1.0170461841253160     
   35.210000000000122       -1.0295475989327638     
   35.280000000000122       -1.0442955600050536     
   35.350000000000122       -1.0617558881098292     
   35.420000000000122       -1.0823857383355435     
   35.490000000000123       -1.1066268033148565     
   35.560000000000123       -1.1348989947064292     
   35.630000000000123       -1.1675951145818972     
   35.700000000000124       -1.2050770939013118     
   35.770000000000124       -1.2476744034723442     
   35.840000000000124       -1.2956852327039610     
   35.910000000000124       -1.3493809942159600     
   35.980000000000125       -1.4090146732733972     
   36.050000000000125       -1.4748335402510466     
   36.120000000000125       -1.5470968374375575     
   36.190000000000126       -1.6260993127442451     
   36.260000000000126       -1.7122020067490507     
   36.330000000000126       -1.8058726690377063     
   36.400000000000126       -1.9077398690834497     
   36.470000000000127       -2.0186678145600210     
   36.540000000000127       -2.1398641828459719     
   36.610000000000127       -2.2730432283572242     
   36.680000000000128       -2.4206863127630944     
   36.750000000000128       -2.5864847025849449     
   36.820000000000128       -2.7761496672762944     
   36.890000000000128       -2.9990379478432478     
   36.960000000000129       -3.2718425410083642     
   37.030000000000129       -3.6286241322277872     
   37.100000000000129       -4.1575402573952553     
   37.170000000000130       -5.2643822549359527     
   37.240000000000130       -5.3153267799309223     
   37.310000000000130       -4.2219652788204352     
   37.380000000000130       -3.7237863386883321     
   37.450000000000131       -3.3995972788826991     
   37.520000000000131       -3.1592908553327916     
   37.590000000000131       -2.9680780821885011     
   37.660000000000132       -2.8088185662190388     
   37.730000000000132       -2.6718014806361108     
   37.800000000000132       -2.5510005071534145     
   37.870000000000132       -2.4424296860693273     
   37.940000000000133       -2.3433270435973381     
   38.010000000000133       -2.2517109236009905     
   38.080000000000133       -2.1661214839215392     
   38.150000000000134       -2.0854614568423719     
   38.220000000000134       -2.0088934636189917     
   38.290000000000134       -1.9357712033773453     
   38.360000000000134       -1.8655918040055031     
   38.430000000000135       -1.7979618790155458     
   38.500000000000135       -1.7325727448133648     
   38.570000000000135       -1.6691819327086954     
   38.640000000000136       -1.6075991350333378     
   38.710000000000136       -1.5476753451692022     
   38.780000000000136       -1.4892943450655094     
   38.850000000000136       -1.4323659500279191     
   38.920000000000137       -1.3768205910456239     
   38.990000000000137       -1.3226049307259833     
   39.060000000000137       -1.2696782890786684     
   39.130000000000138       -1.2180097118871980     
   39.200000000000138       -1.1675755548778375     
   39.270000000000138       -1.1183574863386263     
   39.340000000000138       -1.0703408325640584     
   39.410000000000139       -1.0235132067399018     
   39.480000000000139      -0.97786337416563407     
   39.550000000000139      -0.93338031610562033     
   39.620000000000140      -0.89005246181486486     
   39.690000000000140      -0.84786706394219824     
   39.760000000000140      -0.80680969696512994     
   39.830000000000140      -0.76686386184681798     
   39.900000000000141      -0.72801068294258831     
   39.970000000000141      -0.69022868548432159     
   40.040000000000141      -0.65349364385797526     
   40.110000000000142      -0.61777849245508187     
   40.180000000000142      -0.58305329219134605     
   40.250000000000142      -0.54928524689490610     
   40.320000000000142      -0.51643876470834560     
   40.390000000000143      -0.48447556044611800     
   40.460000000000143      -0.45335479551747776     
   40.530000000000143      -0.42303325257325702     
   40.600000000000144      -0.39346554246643639     
   40.670000000000144      -0.36460434143399917     
   40.740000000000144      -0.33640065661147889     
   40.810000000000144      -0.30880411808463754     
   40.880000000000145      -0.28176329566829056     
   40.950000000000145      -0.25522603848843667     
   41.020000000000145      -0.22913983524122780     
   41.090000000000146      -0.20345219272656564     
   41.160000000000146      -0.17811102992474301     
   41.230000000000146      -0.15306508452480933     
   41.300000000000146      -0.12826432844996966     
   41.370000000000147      -0.10366038858606869     
   41.440000000000147       -7.9206968633629332E-002
   41.510000000000147       -5.4860267799202611E-002
   41.580000000000148       -3.0579391943374105E-002
   41.650000000000148       -6.3267528307945188E-003
   41.720000000000148        1.7931548703308004E-002
   41.790000000000148        4.2225359538971018E-002
   41.860000000000149        6.6580134415534953E-002
   41.930000000000149        9.1016622241405346E-002
   42.000000000000149       0.11555058066248457     
   42.070000000000149       0.14019252017968811     
   42.140000000000150       0.16494747825012090     
   42.210000000000150       0.18981482293806015     
   42.280000000000150       0.21478808484464063     
   42.350000000000151       0.23985481528426802     
   42.420000000000151       0.26499646803468563     
   42.490000000000151       0.29018830150616354     
   42.560000000000151       0.31539929788664239     
   42.630000000000152       0.34059209574847810     
   42.700000000000152       0.36572293276291573     
   42.770000000000152       0.39074159556199489     
   42.840000000000153       0.41559137440255084     
   42.910000000000153       0.44020902109701426     
   42.980000000000153       0.46452470963972514     
   43.050000000000153       0.48846200002092938     
   43.120000000000154       0.51193780681692413     
   43.190000000000154       0.53486237519871827     
   43.260000000000154       0.55713926793546498     
   43.330000000000155       0.57866536770933130     
   43.400000000000155       0.59933089954705654     
   43.470000000000155       0.61901947837809890     
   43.540000000000155       0.63760818665705954     
   43.610000000000156       0.65496768669684446     
   43.680000000000156       0.67096237196576225     
   43.750000000000156       0.68545056128390414     
   43.820000000000157       0.69828473984031814     
   43.890000000000157       0.70931185149978249     
   43.960000000000157       0.71837364822168670     
   44.030000000000157       0.72530710475016091     
   44.100000000000158       0.72994491008959594     
   44.170000000000158       0.73211605146523195     
   44.240000000000158       0.73164651099266009     
   44.310000000000159       0.72836009928232293     
   44.380000000000159       0.72207945242835558     
   44.450000000000159       0.71262721765686876     
   44.520000000000159       0.69982744648120698     
   44.590000000000160       0.68350720067545045     
   44.660000000000160       0.66349835423816395     
   44.730000000000160       0.63963954310420601     
   44.800000000000161       0.61177817431947756     
   44.870000000000161       0.57977236008383770     
   44.940000000000161       0.54349259368946712     
   45.010000000000161       0.50282293961319224     
   45.080000000000162       0.45766147504639815     
   45.150000000000162       0.40791970008493500     
   45.220000000000162       0.35352063077083701     
   45.290000000000163       0.29439530042715606     
   45.360000000000163       0.23047741134298216     
   45.430000000000163       0.16169588534762508     
   45.500000000000163        8.7965036358377102E-002
   45.570000000000164        9.1720026664031274E-003
   45.640000000000164       -7.4839103969659010E-002
   45.710000000000164      -0.16428719987372303     
   45.780000000000165      -0.25947979153747958     
   45.850000000000165      -0.36084639430585758     
   45.920000000000165      -0.46898356303649819     
   45.990000000000165      -0.58471776132203968     
   46.060000000000166      -0.70919665424084155     
   46.130000000000166      -0.84402748603054556     
   46.200000000000166      -0.99149705814425704     
   46.270000000000167       -1.1549411273851988     
   46.340000000000167       -1.3394069933255073     
   46.410000000000167       -1.5529450781462824     
   46.480000000000167       -1.8094213244774640     
   46.550000000000168       -2.1356869327642851     
   46.620000000000168       -2.5950340057354748     
   46.690000000000168       -3.4125115061980118     
   46.760000000000169       -4.9442444189012509     
   46.830000000000169       -3.0826837591357266     
   46.900000000000169       -2.4840489822225678     
   46.970000000000169       -2.1198263051397999     
   47.040000000000170       -1.8579421348906298     
   47.110000000000170       -1.6532190659283028     
   47.180000000000170       -1.4847196038378070     
   47.250000000000171       -1.3410260163080763     
   47.320000000000171       -1.2152391041889332     
   47.390000000000171       -1.1028863133574884     
   47.460000000000171       -1.0009179605130221     
   47.530000000000172      -0.90717558835175305     
   47.600000000000172      -0.82008842899476131     
   47.670000000000172      -0.73848949444572143     
   47.740000000000173      -0.66149860871363841     
   47.810000000000173      -0.58844493128270070     
   47.880000000000173      -0.51881382555707944     
   47.950000000000173      -0.45220930601166914     
   48.020000000000174      -0.38832678090238604     
   48.090000000000174      -0.32693279401550068     
   48.160000000000174      -0.26784964561860569     
   48.230000000000175      -0.21094349312057262     
   48.300000000000175      -0.15611498600696713     
   48.370000000000175      -0.10329178340036714     
   48.440000000000175       -5.2422497180849424E-002
   48.510000000000176       -3.4717351987145822E-003
   48.580000000000176        4.3583990270726174E-002
   48.650000000000176        8.8759660356319561E-002
   48.720000000000176       0.13206458050823197     
   48.790000000000177       0.17350473954853984     
   48.860000000000177       0.21308476935900458     
   48.930000000000177       0.25080956182555975     
   49.000000000000178       0.28668558862410004     
   49.070000000000178       0.32072196191945640     
   49.140000000000178       0.35293126904966027     
   49.210000000000178       0.38333021098862030     
   49.280000000000179       0.41194007219243939     
   49.350000000000179       0.43878704783831490     
   49.420000000000179       0.46390245307488359     
   49.490000000000180       0.48732283743722771     
   49.560000000000180       0.50909002585135676     
   49.630000000000180       0.52925110555945565     
   49.700000000000180       0.54785837580826813     
   49.770000000000181       0.56496927428692234     
   49.840000000000181       0.58064629114834687     
   49.910000000000181       0.59495687810053854     
   49.980000000000182       0.60797335662677798     
   50.050000000000182       0.61977282600981765     
   50.120000000000182       0.63043706861578175     
   50.190000000000182       0.64005244695458163     
   50.260000000000183       0.64870978448244265     
   50.330000000000183       0.65650422004660902     
   50.400000000000183       0.66353502437997725     
   50.470000000000184       0.66990536621048946     
   50.540000000000184       0.67572201541957955     
   50.610000000000184       0.68109497131215557     
   50.680000000000184       0.68613700547317558     
   50.750000000000185       0.69096311088195339     
   50.820000000000185       0.69568985190189192     
   50.890000000000185       0.70043461338900714     
   50.960000000000186       0.70531475135337818     
   51.030000000000186       0.71044665220425851     
   51.100000000000186       0.71594471240806756     
   51.170000000000186       0.72192025514583691     
   51.240000000000187       0.72848040500015065     
   51.310000000000187       0.73572694554437190     
   51.380000000000187       0.74375518766769744     
   51.450000000000188       0.75265287829613481     
   51.520000000000188       0.76249917966324399     
   51.590000000000188       0.77336374832418420     
   51.660000000000188       0.78530594066681447     
   51.730000000000189       0.79837416783609116     
   51.800000000000189       0.81260541794251206     
   51.870000000000189       0.82802495745925331     
   51.940000000000190       0.84464621718922195     
   52.010000000000190       0.86247086151097518     
   52.080000000000190       0.88148903320874727     
   52.150000000000190       0.90167976044557052     
   52.220000000000191       0.92301150767628670     
   52.290000000000191       0.94544284875743401     
   52.360000000000191       0.96892323832801941     
   52.430000000000192       0.99339385673549663     
   52.500000000000192        1.0187885042907601     
   52.570000000000192        1.0450345222951998     
   52.640000000000192        1.0720537208693155     
   52.710000000000193        1.0997632968639761     
   52.780000000000193        1.1280767287742635     
   52.850000000000193        1.1569046393286899     
   52.920000000000194        1.1861556200409709     
   52.990000000000194        1.2157370152677778     
   53.060000000000194        1.2455556660345910     
   53.130000000000194        1.2755186159384309     
   53.200000000000195        1.3055337827245141     
   53.270000000000195        1.3355105996270460     
   53.340000000000195        1.3653606302772470     
   53.410000000000196        1.3949981599817942     
   53.480000000000196        1.4243407645814952     
   53.550000000000196        1.4533098560816986     
   53.620000000000196        1.4818312020123414     
   53.690000000000197        1.5098354132646656     
   53.760000000000197        1.5372583932108412     
   53.830000000000197        1.5640417394749782     
   53.900000000000198        1.5901330889818803     
   53.970000000000198        1.6154863969909601     
   54.040000000000198        1.6400621417708228     
   54.110000000000198        1.6638274483359718     
   54.180000000000199        1.6867561271123539     
   54.250000000000199        1.7088286263108248     
   54.320000000000199        1.7300318999080087     
   54.390000000000200        1.7503591961892049     
   54.460000000000200        1.7698097745442922     
   54.530000000000200        1.7883885604195098     
   54.600000000000200        1.8061057498782496     
   54.670000000000201        1.8229763760518090     
   54.740000000000201        1.8390198498794827     
   54.810000000000201        1.8542594870215754     
   54.880000000000202        1.8687220317982134     
   54.950000000000202        1.8824371876048165     
   55.020000000000202        1.8954371616306851     
   55.090000000000202        1.9077562299989779     
   55.160000000000203        1.9194303277718816     
   55.230000000000203        1.9304966667143613     
   55.300000000000203        1.9409933823449905     
   55.370000000000203        1.9509592106574596     
   55.440000000000204        1.9604331939827124     
   55.510000000000204        1.9694544147723927     
   55.580000000000204        1.9780617555998241     
   55.650000000000205        1.9862936833675373     
   55.720000000000205        1.9941880555492806     
   55.790000000000205        2.0017819462479083     
   55.860000000000205        2.0091114898889284     
   55.930000000000206        2.0162117404667295     
   56.000000000000206        2.0231165443947683     
   56.070000000000206        2.0298584251651968     
   56.140000000000207        2.0364684781848590     
   56.210000000000207        2.0429762743148583     
   56.280000000000207        2.0494097707951986     
   56.350000000000207        2.0557952283824736     
   56.420000000000208        2.0621571336680122     
   56.490000000000208        2.0685181256786862     
   56.560000000000208        2.0748989259966715     
   56.630000000000209        2.0813182717724983     
   56.700000000000209        2.0877928511528467     
   56.770000000000209        2.0943372408059244     
   56.840000000000209        2.1009638454077666     
   56.910000000000210        2.1076828391565177     
   56.980000000000210        2.1145021096117445     
   57.050000000000210        2.1214272044133868     
   57.120000000000211        2.1284612817192010     
   57.190000000000211        2.1356050655066618     
   57.260000000000211        2.1428568072078171     
   57.330000000000211        2.1502122554716658     
   57.400000000000212        2.1576646361615492     
   57.470000000000212        2.1652046449727251     
   57.540000000000212        2.1728204552706512     
   57.610000000000213        2.1804977438721163     
   57.680000000000213        2.1882197374851531     
   57.750000000000213        2.1959672823556842     
   57.820000000000213        2.2037189393087218     
   57.890000000000214        2.2114511057975013     
   57.960000000000214        2.2191381657762070     
   58.030000000000214        2.2267526671999387     
   58.100000000000215        2.2342655257603181     
   58.170000000000215        2.2416462521418006     
   58.240000000000215        2.2488631987112204     
   58.310000000000215        2.2558838202301810     
   58.380000000000216        2.2626749420183265     
   58.450000000000216        2.2692030281100082     
   58.520000000000216        2.2754344414431640     
   58.590000000000217        2.2813356880826006     
   58.660000000000217        2.2868736379645247     
   58.730000000000217        2.2920157156721839     
   58.800000000000217        2.2967300562916857     
   58.870000000000218        2.3009856233948378     
   58.940000000000218        2.3047522885671978     
   59.010000000000218        2.3080008745431067     
   59.080000000000219        2.3107031668198919     
   59.150000000000219        2.3128319015010037     
   59.220000000000219        2.3143607399748807     
   59.290000000000219        2.3152642437967694     
   59.360000000000220        2.3155178657325464     
   59.430000000000220        2.3150979752636576     
   59.500000000000220        2.3139819388240177     
   59.570000000000221        2.3121482764654662     
   59.640000000000221        2.3095769172601308     
   59.710000000000221        2.3062495751618988     
   59.780000000000221        2.3021502647523779     
   59.850000000000222        2.2972659716603210     
   59.920000000000222        2.2915874847765672     
   59.990000000000222        2.2851103860504898     
   60.060000000000223        2.2778361782502889     
   60.130000000000223        2.2697735117021658     
   60.200000000000223        2.2609394486073287     
   60.270000000000223        2.2513606800821790     
   60.340000000000224        2.2410745898284183     
   60.410000000000224        2.2301300436634910     
   60.480000000000224        2.2185877808958536     
   60.550000000000225        2.2065202960594750     
   60.620000000000225        2.1940111302763117     
   60.690000000000225        2.1811535397045145     
   60.760000000000225        2.1680485693435907     
   60.830000000000226        2.1548026253482537     
   60.900000000000226        2.1415246971792063     
   60.970000000000226        2.1283234219118765     
   61.040000000000227        2.1153041993608355     
   61.110000000000227        2.1025665558704008     
   61.180000000000227        2.0902019196936070     
   61.250000000000227        2.0782919192988065     
   61.320000000000228        2.0669072574271801     
   61.390000000000228        2.0561071577731052     
   61.460000000000228        2.0459393350742592     
   61.530000000000229        2.0364404072810269     
   61.600000000000229        2.0276366512222839     
   61.670000000000229        2.0195449992011749     
   61.740000000000229        2.0121741801733948     
   61.810000000000230        2.0055259220260653     
   61.880000000000230        1.9995961476755257     
   61.950000000000230        1.9943761145879051     
   62.020000000000231        1.9898534630549125     
   62.090000000000231        1.9860131520477311     
   62.160000000000231        1.9828382722571074     
   62.230000000000231        1.9803107339758637     
   62.300000000000232        1.9784118330288791     
   62.370000000000232        1.9771227013796659     
   62.440000000000232        1.9764246507604650     
   62.510000000000232        1.9762994180882867     
   62.580000000000233        1.9767293209018251     
   62.650000000000233        1.9776973298876004     
   62.720000000000233        1.9791870640087961     
   62.790000000000234        1.9811827120142103     
   62.860000000000234        1.9836688823646222     
   62.930000000000234        1.9866303820315150     
   63.000000000000234        1.9900519233596350     
   63.070000000000235        1.9939177574134683     
   63.140000000000235        1.9982112321432066     
   63.210000000000235        2.0029142745287389     
   63.280000000000236        2.0080067978330787     
   63.350000000000236        2.0134660384679188     
   63.420000000000236        2.0192658319667309     
   63.490000000000236        2.0253758443211876     
   63.560000000000237        2.0317607834618414     
   63.630000000000237        2.0383796257114781     
   63.700000000000237        2.0451849030298384     
   63.770000000000238        2.0521221078021283     
   63.840000000000238        2.0591292813481821     
   63.910000000000238        2.0661368583955708     
   63.980000000000238        2.0730678404130161     
   64.050000000000239        2.0798383640185794     
   64.120000000000232        2.0863587153385081     
   64.190000000000225        2.0925348169793430     
   64.260000000000218        2.0982701824634140     
   64.330000000000211        2.1034682964324278     
   64.400000000000205        2.1080353417691255     
   64.470000000000198        2.1118831616298386     
   64.540000000000191        2.1149323192673224     
   64.610000000000184        2.1171151039609692     
   64.680000000000177        2.1183783278021320     
   64.750000000000171        2.1186857640680117     
   64.820000000000164        2.1180200910284146     
   64.890000000000157        2.1163842231018481     
   64.960000000000150        2.1138019335006533     
   65.030000000000143        2.1103176998029674     
   65.100000000000136        2.1059957383122021     
   65.170000000000130        2.1009182363247167     
   65.240000000000123        2.0951828431358064     
   65.310000000000116        2.0888995370205405     
   65.380000000000109        2.0821870393534909     
   65.450000000000102        2.0751689892987062     
   65.520000000000095        2.0679701144462048     
   65.590000000000089        2.0607126289670754     
   65.660000000000082        2.0535130609549599     
   65.730000000000075        2.0464796595815202     
   65.800000000000068        2.0397104693929435     
   65.870000000000061        2.0332920938660393     
   65.940000000000055        2.0272991125240356     
   66.010000000000048        2.0217940719094476     
   66.080000000000041        2.0168279433632219     
   66.150000000000034        2.0124409294314916     
   66.220000000000027        2.0086635030713689     
   66.290000000000020        2.0055175757693831     
   66.360000000000014        2.0030177082041649     
   66.430000000000007        2.0011722967161303     
   66.500000000000000        1.9999846880129568     
   66.569999999999993        1.9994541915964545     
   66.639999999999986        1.9995769735097664     
   66.709999999999980        2.0003468259471120     
   66.779999999999973        2.0017558152131212     
   66.849999999999966        2.0037948158563581     
   66.919999999999959        2.0064539420101286     
   66.989999999999952        2.0097228885311744     
   67.059999999999945        2.0135911948619776     
   67.129999999999939        2.0180484440120798     
   67.199999999999932        2.0230844079391281     
   67.269999999999925        2.0286891491226133     
   67.339999999999918        2.0348530864150534     
   67.409999999999911        2.0415670314334231     
   67.479999999999905        2.0488221998911444     
   67.549999999999898        2.0566102004188966     
   67.619999999999891        2.0649230016196958     
   67.689999999999884        2.0737528763852113     
   67.759999999999877        2.0830923209054490     
   67.829999999999870        2.0929339443834500     
   67.899999999999864        2.1032703242892530     
   67.969999999999857        2.1140938211464739     
   68.039999999999850        2.1253963464638232     
   68.109999999999843        2.1371690776596051     
   68.179999999999836        2.1494021148699076     
   68.249999999999829        2.1620840765971310     
   68.319999999999823        2.1752016344696719     
   68.389999999999816        2.1887389921470177     
   68.459999999999809        2.2026773197422558     
   68.529999999999802        2.2169941630215746     
   68.599999999999795        2.2316628558109506     
   68.669999999999789        2.2466519738838748     
   68.739999999999782        2.2619248780822176     
   68.809999999999775        2.2774394020358715     
   68.879999999999768        2.2931477437056520     
   68.949999999999761        2.3089966180177419     
   69.019999999999754        2.3249277182523413     
   69.089999999999748        2.3408785155312848     
   69.159999999999741        2.3567833990169387     
   69.229999999999734        2.3725751263947550     
   69.299999999999727        2.3881865188626525     
   69.369999999999720        2.4035523026193757     
   69.439999999999714        2.4186109755582068     
   69.509999999999707        2.4333065683683821     
   69.579999999999700        2.4475901760295637     
   69.649999999999693        2.4614211581153458     
   69.719999999999686        2.4747679406607430     
   69.789999999999679        2.4876083926820396     
   69.859999999999673        2.4999297901676725     
   69.929999999999666        2.5117284137499105     
   69.999999999999659        2.5230088495626095     
