   7.0000000000000007E-002  -6.9077552789821359     
  0.14000000000000001       -6.9125470290370483     
  0.21000000000000002       -6.9220079306006097     
  0.28000000000000003       -6.9360618713023392     
  0.35000000000000003       -6.9546760062435542     
  0.42000000000000004       -6.9778592160626607     
  0.49000000000000005       -7.0056621309933620     
  0.56000000000000005       -7.0381787304941401     
  0.63000000000000012       -7.0755496505368720     
  0.70000000000000018       -7.1179674727718760     
  0.77000000000000024       -7.1656844531802353     
  0.84000000000000030       -7.2190234034608851     
  0.91000000000000036       -7.2783928148915322     
  0.98000000000000043       -7.3443078927457606     
   1.0500000000000005       -7.4174200907532253     
   1.1200000000000006       -7.4985592560575185     
   1.1900000000000006       -7.5887951017744761     
   1.2600000000000007       -7.6895293819717532     
   1.3300000000000007       -7.8026388755621108     
   1.4000000000000008       -7.9307066049966277     
   1.4700000000000009       -8.0774154819782229     
   1.5400000000000009       -8.2482634323091499     
   1.6100000000000010       -8.4519768821022314     
   1.6800000000000010       -8.7036431455579262     
   1.7500000000000011       -9.0329009450369018     
   1.8200000000000012       -9.5119138601038280     
   1.8900000000000012       -10.421245009575552     
   1.9600000000000013       -11.253866210174950     
   2.0300000000000011       -9.8235967038088674     
   2.1000000000000010       -9.2753550342985989     
   2.1700000000000008       -8.9364090136043455     
   2.2400000000000007       -8.6944383312885094     
   2.3100000000000005       -8.5088853551791654     
   2.3800000000000003       -8.3604058940491139     
   2.4500000000000002       -8.2382241663728184     
   2.5200000000000000       -8.1356967856681255     
   2.5899999999999999       -8.0484200470061502     
   2.6599999999999997       -7.9733096006925441     
   2.7299999999999995       -7.9081086940818111     
   2.7999999999999994       -7.8511059505098162     
   2.8699999999999992       -7.8009640813154659     
   2.9399999999999991       -7.7566111599547209     
   3.0099999999999989       -7.7171690444465311     
   3.0799999999999987       -7.6819048231744240     
   3.1499999999999986       -7.6501970545323275     
   3.2199999999999984       -7.6215118090165861     
   3.2899999999999983       -7.5953853789891985     
   3.3599999999999981       -7.5714116260634556     
   3.4299999999999979       -7.5492326150651561     
   3.4999999999999978       -7.5285316130420394     
   3.5699999999999976       -7.5090278106203758     
   3.6399999999999975       -7.4904723084403395     
   3.7099999999999973       -7.4726450375335300     
   3.7799999999999971       -7.4553523702838493     
   3.8499999999999970       -7.4384252410814087     
   3.9199999999999968       -7.4217176412976880     
   3.9899999999999967       -7.4051053871760795     
   4.0599999999999969       -7.3884850851630590     
   4.1299999999999972       -7.3717732394289683     
   4.1999999999999975       -7.3549054623415397     
   4.2699999999999978       -7.3378357614582495     
   4.3399999999999981       -7.3205358868243326     
   4.4099999999999984       -7.3029947303833023     
   4.4799999999999986       -7.2852177753932574     
   4.5499999999999989       -7.2672265980339583     
   4.6199999999999992       -7.2490584260033586     
   4.6899999999999995       -7.2307657598900299     
   4.7599999999999998       -7.2124160625524327     
   4.8300000000000001       -7.1940915196886177     
   4.9000000000000004       -7.1758888713063564     
   4.9700000000000006       -7.1579193090052389     
   5.0400000000000009       -7.1403084279499840     
   5.1100000000000012       -7.1231962153378934     
   5.1800000000000015       -7.1067370492360951     
   5.2500000000000018       -7.0910996732555605     
   5.3200000000000021       -7.0764671040651361     
   5.3900000000000023       -7.0630364209032317     
   5.4600000000000026       -7.0510183798261625     
   5.5300000000000029       -7.0406367915340002     
   5.6000000000000032       -7.0321276014507506     
   5.6700000000000035       -7.0257376157313720     
   5.7400000000000038       -7.0217228283676967     
   5.8100000000000041       -7.0203463237872228     
   5.8800000000000043       -7.0218757569596431     
   5.9500000000000046       -7.0265804490095487     
   6.0200000000000049       -7.0347281795594814     
   6.0900000000000052       -7.0465818051154798     
   6.1600000000000055       -7.0623958821971407     
   6.2300000000000058       -7.0824135200707925     
   6.3000000000000060       -7.1068637261005385     
   6.3700000000000063       -7.1359595327747041     
   6.4400000000000066       -7.1698972071282423     
   6.5100000000000069       -7.2088568412826266     
   6.5800000000000072       -7.2530046117971434     
   6.6500000000000075       -7.3024969845955932     
   6.7200000000000077       -7.3574871452773527     
   6.7900000000000080       -7.4181339705468963     
   6.8600000000000083       -7.4846139501928715     
   6.9300000000000086       -7.5571366542136538     
   7.0000000000000089       -7.6359646653385544     
   7.0700000000000092       -7.7214394411021496     
   7.1400000000000095       -7.8140154650405211     
   7.2100000000000097       -7.9143065353599962     
   7.2800000000000100       -8.0231505818737823     
   7.3500000000000103       -8.1417039146448413     
   7.4200000000000106       -8.2715842106875712     
   7.4900000000000109       -8.4150981108549843     
   7.5600000000000112       -8.5756242583666378     
   7.6300000000000114       -8.7583027794261952     
   7.7000000000000117       -8.9713863732604260     
   7.7700000000000120       -9.2292051339809298     
   7.8400000000000123       -9.5598149491270608     
   7.9100000000000126       -10.030535263480083     
   7.9800000000000129       -10.891199138665575     
   8.0500000000000131       -12.050612848910758     
   8.1200000000000134       -10.432204236968056     
   8.1900000000000137       -9.8569681774540108     
   8.2600000000000140       -9.5019754907231153     
   8.3300000000000143       -9.2453089602384253     
   8.4000000000000146       -9.0441046714872044     
   8.4700000000000149       -8.8782127842454575     
   8.5400000000000151       -8.7365385991116575     
   8.6100000000000154       -8.6123276396549766     
   8.6800000000000157       -8.5011740522346564     
   8.7500000000000160       -8.4000585848851959     
   8.8200000000000163       -8.3068366675255660     
   8.8900000000000166       -8.2199451577439788     
   8.9600000000000168       -8.1382242333078914     
   9.0300000000000171       -8.0608039142755636     
   9.1000000000000174       -7.9870287924262477     
   9.1700000000000177       -7.9164063424733282     
   9.2400000000000180       -7.8485703272252199     
   9.3100000000000183       -7.7832541684540173     
   9.3800000000000185       -7.7202710752230717     
   9.4500000000000188       -7.6594988600461038     
   9.5200000000000191       -7.6008680709668610     
   9.5900000000000194       -7.5443525078626550     
   9.6600000000000197       -7.4899614768862897     
   9.7300000000000200       -7.4377333274072335     
   9.8000000000000203       -7.3877299465937156     
   9.8700000000000205       -7.3400319793262874     
   9.9400000000000208       -7.2947346090465688     
   10.010000000000021       -7.2519437865151195     
   10.080000000000021       -7.2117728336173705     
   10.150000000000022       -7.1743393812642902     
   10.220000000000022       -7.1397626259816791     
   10.290000000000022       -7.1081609096411498     
   10.360000000000023       -7.0796496415338641     
   10.430000000000023       -7.0543395915618845     
   10.500000000000023       -7.0323355879413239     
   10.570000000000023       -7.0137356527052352     
   10.640000000000024       -6.9986306039968129     
   10.710000000000024       -6.9871041465688872     
   10.780000000000024       -6.9792334622491214     
   10.850000000000025       -6.9750903019032249     
   10.920000000000025       -6.9747425712384370     
   10.990000000000025       -6.9782563963827489     
   11.060000000000025       -6.9856986531667982     
   11.130000000000026       -6.9971399478903287     
   11.200000000000026       -7.0126580486533454     
   11.270000000000026       -7.0323417863753539     
   11.340000000000027       -7.0562954753958369     
   11.410000000000027       -7.0846439474233405     
   11.480000000000027       -7.1175383535847159     
   11.550000000000027       -7.1551629736281734     
   11.620000000000028       -7.1977433891244225     
   11.690000000000028       -7.2455565453869255     
   11.760000000000028       -7.2989434721966253     
   11.830000000000028       -7.3583258021001230     
   11.900000000000029       -7.4242277957577727     
   11.970000000000029       -7.4973064951246666     
   12.040000000000029       -7.5783941300218274     
   12.110000000000030       -7.6685594814053832     
   12.180000000000030       -7.7691995073955198     
   12.250000000000030       -7.8821811588683417     
   12.320000000000030       -8.0100703919120022     
   12.390000000000031       -8.1565215936251363     
   12.460000000000031       -8.3269840655936740     
   12.530000000000031       -8.5300958740592154     
   12.600000000000032       -8.7807647546248120     
   12.670000000000032       -9.1081926409680563     
   12.740000000000032       -9.5830974752858680     
   12.810000000000032       -10.476415367983096     
   12.880000000000033       -11.400944857798928     
   12.950000000000033       -9.9208031107816392     
   13.020000000000033       -9.3660005911486977     
   13.090000000000034       -9.0243423568095888     
   13.160000000000034       -8.7807806564833033     
   13.230000000000034       -8.5940948081386974     
   13.300000000000034       -8.4447073369176842     
   13.370000000000035       -8.3217491280576326     
   13.440000000000035       -8.2185437938506816     
   13.510000000000035       -8.1306872189792934     
   13.580000000000036       -8.0551160372212749     
   13.650000000000036       -7.9896108989417787     
   13.720000000000036       -7.9325118862488253     
   13.790000000000036       -7.8825460308195563     
   13.860000000000037       -7.8387179295977578     
   13.930000000000037       -7.8002377451842726     
   14.000000000000037       -7.7664723181220383     
   14.070000000000038       -7.7369110876538025     
   14.140000000000038       -7.7111417942558100     
   14.210000000000038       -7.6888328148106702     
   14.280000000000038       -7.6697200978867013     
   14.350000000000039       -7.6535973521807046     
   14.420000000000039       -7.6403085741536216     
   14.490000000000039       -7.6297422811496229     
   14.560000000000040       -7.6218270018222212     
   14.630000000000040       -7.6165277011647614     
   14.700000000000040       -7.6138429042649181     
   14.770000000000040       -7.6138023446704413     
   14.840000000000041       -7.6164650090301311     
   14.910000000000041       -7.6219174854555192     
   14.980000000000041       -7.6302725535522580     
   15.050000000000042       -7.6416679823909393     
   15.120000000000042       -7.6562655318557660     
   15.190000000000042       -7.6742501850246638     
   15.260000000000042       -7.6958296769098293     
   15.330000000000043       -7.7212344304101741     
   15.400000000000043       -7.7507180665913946     
   15.470000000000043       -7.7845587272477852     
   15.540000000000044       -7.8230615391025351     
   15.610000000000044       -7.8665626699890545     
   15.680000000000044       -7.9154355933693541     
   15.750000000000044       -7.9701004140620046     
   15.820000000000045       -8.0310374588888003     
   15.890000000000045       -8.0988068766690944     
   15.960000000000045       -8.1740768570312845     
   16.030000000000044       -8.2576645113449381     
   16.100000000000044       -8.3505959250365311     
   16.170000000000044       -8.4541963034492991     
   16.240000000000045       -8.5702294017031928     
   16.310000000000045       -8.7011217839309669     
   16.380000000000045       -8.8503420116058145     
   16.450000000000045       -9.0230840765153495     
   16.520000000000046       -9.2276058825093727     
   16.590000000000046       -9.4781615099237779     
   16.660000000000046       -9.8025453422132305     
   16.730000000000047       -10.267167933670988     
   16.800000000000047       -11.116209703878555     
   16.870000000000047       -12.348388786779855     
   16.940000000000047       -10.685783790422395     
   17.010000000000048       -10.108199488386944     
   17.080000000000048       -9.7550706132593685     
   17.150000000000048       -9.5022899274715265     
   17.220000000000049       -9.3063863790396208     
   17.290000000000049       -9.1469085660913265     
   17.360000000000049       -9.0125486974584206     
   17.430000000000049       -8.8963696024559340     
   17.500000000000050       -8.7937935375276943     
   17.570000000000050       -8.7016327159727709     
   17.640000000000050       -8.6175744916926416     
   17.710000000000051       -8.5398871237013125     
   17.780000000000051       -8.4672415502801552     
   17.850000000000051       -8.3985981872435200     
   17.920000000000051       -8.3331321006729659     
   17.990000000000052       -8.2701818117253794     
   18.060000000000052       -8.2092131850382728     
   18.130000000000052       -8.1497932437413851     
   18.200000000000053       -8.0915706941701853     
   18.270000000000053       -8.0342610952524005     
   18.340000000000053       -7.9776353145185972     
   18.410000000000053       -7.9215103584409068     
   18.480000000000054       -7.8657419530845463     
   18.550000000000054       -7.8102184411674775     
   18.620000000000054       -7.7548556891273224     
   18.690000000000055       -7.6995927847852759     
   18.760000000000055       -7.6443883658804825     
   18.830000000000055       -7.5892174614147976     
   18.900000000000055       -7.5340687568770530     
   18.970000000000056       -7.4789422150945661     
   19.040000000000056       -7.4238469991997142     
   19.110000000000056       -7.3687996548742136     
   19.180000000000057       -7.3138225168611868     
   19.250000000000057       -7.2589423106805695     
   19.320000000000057       -7.2041889249766529     
   19.390000000000057       -7.1495943335241856     
   19.460000000000058       -7.0951916489081999     
   19.530000000000058       -7.0410142922898000     
   19.600000000000058       -6.9870952658271221     
   19.670000000000059       -6.9334665161435760     
   19.740000000000059       -6.8801583788670353     
   19.810000000000059       -6.8271990956988038     
   19.880000000000059       -6.7746143967586550     
   19.950000000000060       -6.7224271420354791     
   20.020000000000060       -6.6706570168057020     
   20.090000000000060       -6.6193202767162376     
   20.160000000000061       -6.5684295389512171     
   20.230000000000061       -6.5179936165714416     
   20.300000000000061       -6.4680173936236116     
   20.370000000000061       -6.4185017390832826     
   20.440000000000062       -6.3694434580725572     
   20.510000000000062       -6.3208352791083318     
   20.580000000000062       -6.2726658764100467     
   20.650000000000063       -6.2249199264911690     
   20.720000000000063       -6.1775781984423892     
   20.790000000000063       -6.1306176774446302     
   20.860000000000063       -6.0840117211212670     
   20.930000000000064       -6.0377302483997521     
   21.000000000000064       -5.9917399605400412     
   21.070000000000064       -5.9460045939310779     
   21.140000000000065       -5.9004852041487981     
   21.210000000000065       -5.8551404805964333     
   21.280000000000065       -5.8099270908035612     
   21.350000000000065       -5.7648000531739152     
   21.420000000000066       -5.7197131365942120     
   21.490000000000066       -5.6746192849138071     
   21.560000000000066       -5.6294710638294676     
   21.630000000000067       -5.5842211272236257     
   21.700000000000067       -5.5388226995095513     
   21.770000000000067       -5.4932300700260672     
   21.840000000000067       -5.4473990950859736     
   21.910000000000068       -5.4012877028794612     
   21.980000000000068       -5.3548563961300903     
   22.050000000000068       -5.3080687472050805     
   22.120000000000068       -5.2608918803101359     
   22.190000000000069       -5.2132969354879766     
   22.260000000000069       -5.1652595093569911     
   22.330000000000069       -5.1167600679035337     
   22.400000000000070       -5.0677843271603500     
   22.470000000000070       -5.0183235982250398     
   22.540000000000070       -4.9683750938011748     
   22.610000000000070       -4.9179421942179626     
   22.680000000000071       -4.8670346716871729     
   22.750000000000071       -4.8156688723211323     
   22.820000000000071       -4.7638678561574013     
   22.890000000000072       -4.7116614960362675     
   22.960000000000072       -4.6590865366560452     
   23.030000000000072       -4.6061866154382516     
   23.100000000000072       -4.5530122469716083     
   23.170000000000073       -4.4996207727406041     
   23.240000000000073       -4.4460762776045391     
   23.310000000000073       -4.3924494740748754     
   23.380000000000074       -4.3388175548725361     
   23.450000000000074       -4.2852640135652758     
   23.520000000000074       -4.2318784323344092     
   23.590000000000074       -4.1787562351520595     
   23.660000000000075       -4.1259984039257782     
   23.730000000000075       -4.0737111545567206     
   23.800000000000075       -4.0220055694338326     
   23.870000000000076       -3.9709971827223609     
   23.940000000000076       -3.9208055149770340     
   24.010000000000076       -3.8715535541843660     
   24.080000000000076       -3.8233671813723409     
   24.150000000000077       -3.7763745404561888     
   24.220000000000077       -3.7307053540276165     
   24.290000000000077       -3.6864901893253648     
   24.360000000000078       -3.6438596815771582     
   24.430000000000078       -3.6029437251843683     
   24.500000000000078       -3.5638706466651091     
   24.570000000000078       -3.5267663767001647     
   24.640000000000079       -3.4917536417960955     
   24.710000000000079       -3.4589511987561083     
   24.780000000000079       -3.4284731370800841     
   24.850000000000080       -3.4004282753846118     
   24.920000000000080       -3.3749196777798427     
   24.990000000000080       -3.3520443147784098     
   25.060000000000080       -3.3318928907602174     
   25.130000000000081       -3.3145498564099900     
   25.200000000000081       -3.3000936201227602     
   25.270000000000081       -3.2885969674916056     
   25.340000000000082       -3.2801276930760856     
   25.410000000000082       -3.2747494441861540     
   25.480000000000082       -3.2725227729043405     
   25.550000000000082       -3.2735063905001298     
   25.620000000000083       -3.2777586182280825     
   25.690000000000083       -3.2853390306691983     
   25.760000000000083       -3.2963102926812060     
   25.830000000000084       -3.3107401990874514     
   25.900000000000084       -3.3287039379616288     
   25.970000000000084       -3.3502866144381125     
   26.040000000000084       -3.3755860934023350     
   26.110000000000085       -3.4047162477211037     
   26.180000000000085       -3.4378107362176920     
   26.250000000000085       -3.4750274860224195     
   26.320000000000086       -3.5165541228923805     
   26.390000000000086       -3.5626146894357338     
   26.460000000000086       -3.6134781289073246     
   26.530000000000086       -3.6694692139435641     
   26.600000000000087       -3.7309829024404904     
   26.670000000000087       -3.7985035694904079     
   26.740000000000087       -3.8726313038776201     
   26.810000000000088       -3.9541186657927549     
   26.880000000000088       -4.0439233439665925     
   26.950000000000088       -4.1432857352669830     
   27.020000000000088       -4.2538470499498313     
   27.090000000000089       -4.3778362692203956     
   27.160000000000089       -4.5183804633840294     
   27.230000000000089       -4.6800511057909953     
   27.300000000000090       -4.8699009602666372     
   27.370000000000090       -5.0996383568100576     
   27.440000000000090       -5.3908690159926183     
   27.510000000000090       -5.7907281447231913     
   27.580000000000091       -6.4401857600803254     
   27.650000000000091       -8.6089087685727339     
   27.720000000000091       -6.7403331561296165     
   27.790000000000092       -5.9932120919358862     
   27.860000000000092       -5.5844882895892978     
   27.930000000000092       -5.3061983322687292     
   28.000000000000092       -5.0978935113265624     
   28.070000000000093       -4.9335002188647206     
   28.140000000000093       -4.7993660796413247     
   28.210000000000093       -4.6874443322310784     
   28.280000000000094       -4.5925964577694218     
   28.350000000000094       -4.5113467239148148     
   28.420000000000094       -4.4412414793362451     
   28.490000000000094       -4.3804919193043421     
   28.560000000000095       -4.3277620546080362     
   28.630000000000095       -4.2820363993546806     
   28.700000000000095       -4.2425339350927755     
   28.770000000000095       -4.2086501958196525     
   28.840000000000096       -4.1799171053010360     
   28.910000000000096       -4.1559743867713470     
   28.980000000000096       -4.1365487250118287     
   29.050000000000097       -4.1214382449334312     
   29.120000000000097       -4.1105007122288049     
   29.190000000000097       -4.1036443904518123     
   29.260000000000097       -4.1008208321960460     
   29.330000000000098       -4.1020191126723340     
   29.400000000000098       -4.1072611749723693     
   29.470000000000098       -4.1165980738660410     
   29.540000000000099       -4.1301069955593306     
   29.610000000000099       -4.1478890051578903     
   29.680000000000099       -4.1700675390061352     
   29.750000000000099       -4.1967877212452303     
   29.820000000000100       -4.2282166479433210     
   29.890000000000100       -4.2645448536718646     
   29.960000000000100       -4.3059892619715665     
   30.030000000000101       -4.3527980339278312     
   30.100000000000101       -4.4052578855139872     
   30.170000000000101       -4.4637046725941092     
   30.240000000000101       -4.5285383890266262     
   30.310000000000102       -4.6002442670834149     
   30.380000000000102       -4.6794225484465457     
   30.450000000000102       -4.7668309586810462     
   30.520000000000103       -4.8634464411144025     
   30.590000000000103       -4.9705572234072006     
   30.660000000000103       -5.0899047566151232     
   30.730000000000103       -5.2239118298268412     
   30.800000000000104       -5.3760686434644223     
   30.870000000000104       -5.5516301829161296     
   30.940000000000104       -5.7589864667640835     
   31.010000000000105       -6.0126780533695037     
   31.080000000000105       -6.3412061444946497     
   31.150000000000105       -6.8132867490121987     
   31.220000000000105       -7.6875619605239152     
   31.290000000000106       -8.7416607776150403     
   31.360000000000106       -7.1868817035188579     
   31.430000000000106       -6.6206708597419928     
   31.500000000000107       -6.2714589719583840     
   31.570000000000107       -6.0203010528607885     
   31.640000000000107       -5.8249747455824092     
   31.710000000000107       -5.6654966592260445     
   31.780000000000108       -5.5307843818143878     
   31.850000000000108       -5.4140297261528865     
   31.920000000000108       -5.3107386601833193     
   31.990000000000109       -5.2177828674407500     
   32.060000000000109       -5.1328946294614717     
   32.130000000000109       -5.0543774595921676     
   32.200000000000109       -4.9809304906733534     
   32.270000000000110       -4.9115367582863962     
   32.340000000000110       -4.8453892646293459     
   32.410000000000110       -4.7818403509063172     
   32.480000000000111       -4.7203659733274446     
   32.550000000000111       -4.6605398049025819     
   32.620000000000111       -4.6020139906113684     
   32.690000000000111       -4.5445045162629016     
   32.760000000000112       -4.4877798469003221     
   32.830000000000112       -4.4316519298723254     
   32.900000000000112       -4.3759689419615180     
   32.970000000000113       -4.3206093478333178     
   33.040000000000113       -4.2654769634975054     
   33.110000000000113       -4.2104968048723093     
   33.180000000000113       -4.1556115613649469     
   33.250000000000114       -4.1007785762816304     
   33.320000000000114       -4.0459672455304290     
   33.390000000000114       -3.9911567672745818     
   33.460000000000115       -3.9363341905068481     
   33.530000000000115       -3.8814927217148645     
   33.600000000000115       -3.8266302571230657     
   33.670000000000115       -3.7717481142827980     
   33.740000000000116       -3.7168499416420273     
   33.810000000000116       -3.6619407885781339     
   33.880000000000116       -3.6070263215188310     
   33.950000000000117       -3.5521121744124708     
   34.020000000000117       -3.4972034240834016     
   34.090000000000117       -3.4423041830220238     
   34.160000000000117       -3.3874173039803908     
   34.230000000000118       -3.3325441924209351     
   34.300000000000118       -3.2776847244304412     
   34.370000000000118       -3.2228372691837022     
   34.440000000000119       -3.1679988164321142     
   34.510000000000119       -3.1131652108052590     
   34.580000000000119       -3.0583314959413403     
   34.650000000000119       -3.0034923725893505     
   34.720000000000120       -2.9486427758247409     
   34.790000000000120       -2.8937785773490918     
   34.860000000000120       -2.8388974194415595     
   34.930000000000121       -2.7839996874127970     
   35.000000000000121       -2.7290896272670468     
   35.070000000000121       -2.6741766145544785     
   35.140000000000121       -2.6192765788989654     
   35.210000000000122       -2.5644135861653314     
   35.280000000000122       -2.5096215763710785     
   35.350000000000122       -2.4549462498669037     
   35.420000000000122       -2.4004470865538270     
   35.490000000000123       -2.3461994724580739     
   35.560000000000123       -2.2922968943040392     
   35.630000000000123       -2.2388531452956371     
   35.700000000000124       -2.1860044637539904     
   35.770000000000124       -2.1339115004714060     
   35.840000000000124       -2.0827609810550940     
   35.910000000000124       -2.0327668973924267     
   35.980000000000125       -1.9841710300911430     
   36.050000000000125       -1.9372425752782443     
   36.120000000000125       -1.8922766302153722     
   36.190000000000126       -1.8495912903233616     
   36.260000000000126       -1.8095231342203222     
   36.330000000000126       -1.7724209321867634     
   36.400000000000126       -1.7386375140444086     
   36.470000000000127       -1.7085198769463592     
   36.540000000000127       -1.6823977962377998     
   36.610000000000127       -1.6605714070772792     
   36.680000000000128       -1.6432984235503325     
   36.750000000000128       -1.6307818198188553     
   36.820000000000128       -1.6231588768550502     
   36.890000000000128       -1.6204924686799005     
   36.960000000000129       -1.6227653117205665     
   37.030000000000129       -1.6298776424791743     
   37.100000000000129       -1.6416484595767327     
   37.170000000000130       -1.6578201211224224     
   37.240000000000130       -1.6780657858980206     
   37.310000000000130       -1.7019989748308542     
   37.380000000000130       -1.7291844335945823     
   37.450000000000131       -1.7591494981590046     
   37.520000000000131       -1.7913952808932649     
   37.590000000000131       -1.8254071702846404     
   37.660000000000132       -1.8606643341540858     
   37.730000000000132       -1.8966481012259842     
   37.800000000000132       -1.9328492457186066     
   37.870000000000132       -1.9687743020186015     
   37.940000000000133       -2.0039510889658407     
   38.010000000000133       -2.0379336304409250     
   38.080000000000133       -2.0703066299269191     
   38.150000000000134       -2.1006896029081328     
   38.220000000000134       -2.1287407045023619     
   38.290000000000134       -2.1541602223967051     
   38.360000000000134       -2.1766936475964993     
   38.430000000000135       -2.1961341963461836     
   38.500000000000135       -2.2123246416902762     
   38.570000000000135       -2.2251583248391960     
   38.640000000000136       -2.2345792532026985     
   38.710000000000136       -2.2405812482947720     
   38.780000000000136       -2.2432061743679452     
   38.850000000000136       -2.2425413476811449     
   38.920000000000137       -2.2387162869203179     
   38.990000000000137       -2.2318990093809545     
   39.060000000000137       -2.2222920998984059     
   39.130000000000138       -2.2101287784115349     
   39.200000000000138       -2.1956691689105319     
   39.270000000000138       -2.1791969312304649     
   39.340000000000138       -2.1610163629663077     
   39.410000000000139       -2.1414500172897379     
   39.480000000000139       -2.1208368187669246     
   39.550000000000139       -2.0995305976484855     
   39.620000000000140       -2.0778989068574822     
   39.690000000000140       -2.0563219377387294     
   39.760000000000140       -2.0351913130826422     
   39.830000000000140       -2.0149085118328731     
   39.900000000000141       -1.9958826726785464     
   39.970000000000141       -1.9785275374877842     
   40.040000000000141       -1.9632573344848614     
   40.110000000000142       -1.9504814686011986     
   40.180000000000142       -1.9405979836097331     
   40.250000000000142       -1.9339858844713809     
   40.320000000000142       -1.9309965501141440     
   40.390000000000143       -1.9319446115780090     
   40.460000000000143       -1.9370987974809200     
   40.530000000000143       -1.9466733347704068     
   40.600000000000144       -1.9608205164391350     
   40.670000000000144       -1.9796249957637977     
   40.740000000000144       -2.0031002378574709     
   40.810000000000144       -2.0311873681412798     
   40.880000000000145       -2.0637564314021866     
   40.950000000000145       -2.1006098499169990     
   41.020000000000145       -2.1414876800335931     
   41.090000000000146       -2.1860741408905731     
   41.160000000000146       -2.2340048405068544     
   41.230000000000146       -2.2848741524003398     
   41.300000000000146       -2.3382422870191557     
   41.370000000000147       -2.3936417360045774     
   41.440000000000147       -2.4505829210731020     
   41.510000000000147       -2.5085590328336180     
   41.580000000000148       -2.5670501825321073     
   41.650000000000148       -2.6255271009675227     
   41.720000000000148       -2.6834546970925501     
   41.790000000000148       -2.7402958299530771     
   41.860000000000149       -2.7955156484781454     
   41.930000000000149       -2.8485868114431407     
   42.000000000000149       -2.8989958128358486     
   42.070000000000149       -2.9462505065753404     
   42.140000000000150       -2.9898887548156230     
   42.210000000000150       -3.0294879291385692     
   42.280000000000150       -3.0646747958431977     
   42.350000000000151       -3.0951351450869504     
   42.420000000000151       -3.1206224122127346     
   42.490000000000151       -3.1409645179572236     
   42.560000000000151       -3.1560682399050948     
   42.630000000000152       -3.1659206186189208     
   42.700000000000152       -3.1705871742386900     
   42.770000000000152       -3.1702070203286321     
   42.840000000000153       -3.1649852596281480     
   42.910000000000153       -3.1551832829452886     
   42.980000000000153       -3.1411077344395224     
   43.050000000000153       -3.1230989420963549     
   43.120000000000154       -3.1015195507903139     
   43.190000000000154       -3.0767439622142674     
   43.260000000000154       -3.0491490136571779     
   43.330000000000155       -3.0191061476893220     
   43.400000000000155       -2.9869751619719529     
   43.470000000000155       -2.9530994978993474     
   43.540000000000155       -2.9178029346242802     
   43.610000000000156       -2.8813875000250277     
   43.680000000000156       -2.8441323866332335     
   43.750000000000156       -2.8062936607360629     
   43.820000000000157       -2.7681045689418071     
   43.890000000000157       -2.7297762716188116     
   43.960000000000157       -2.6914988614736153     
   44.030000000000157       -2.6534425544064564     
   44.100000000000158       -2.6157589663514433     
   44.170000000000158       -2.5785824128518580     
   44.240000000000158       -2.5420311871993646     
   44.310000000000159       -2.5062087881486881     
   44.380000000000159       -2.4712050798703986     
   44.450000000000159       -2.4370973754279937     
   44.520000000000159       -2.4039514412036058     
   44.590000000000160       -2.3718224238687320     
   44.660000000000160       -2.3407557041652596     
   44.730000000000160       -2.3107876833209056     
   44.800000000000161       -2.2819465086926898     
   44.870000000000161       -2.2542527454659962     
   44.940000000000161       -2.2277200011287976     
   45.010000000000161       -2.2023555091338585     
   45.080000000000162       -2.1781606777575075     
   45.150000000000162       -2.1551316097297364     
   45.220000000000162       -2.1332595977881925     
   45.290000000000163       -2.1125316009197075     
   45.360000000000163       -2.0929307057043172     
   45.430000000000163       -2.0744365768649597     
   45.500000000000163       -2.0570259008417602     
   45.570000000000164       -2.0406728259403502     
   45.640000000000164       -2.0253494023353187     
   45.710000000000164       -2.0110260249303979     
   45.780000000000165       -1.9976718817764456     
   45.850000000000165       -1.9852554104204347     
   45.920000000000165       -1.9737447642013162     
   45.990000000000165       -1.9631082901239247     
   46.060000000000166       -1.9533150195361562     
   46.130000000000166       -1.9443351724173870     
   46.200000000000166       -1.9361406756700750     
   46.270000000000167       -1.9287056954061950     
   46.340000000000167       -1.9220071828508052     
   46.410000000000167       -1.9160254331612996     
   46.480000000000167       -1.9107446561955925     
   46.550000000000168       -1.9061535580654871     
   46.620000000000168       -1.9022459321887648     
   46.690000000000168       -1.8990212585061028     
   46.760000000000169       -1.8964853095531033     
   46.830000000000169       -1.8946507621643436     
   46.900000000000169       -1.8935378137226249     
   46.970000000000169       -1.8931748020367218     
   47.040000000000170       -1.8935988281189156     
   47.110000000000170       -1.8948563813268615     
   47.180000000000170       -1.8970039665277780     
   47.250000000000171       -1.9001087331457194     
   47.320000000000171       -1.9042491061951046     
   47.390000000000171       -1.9095154197469077     
   47.460000000000171       -1.9160105538215502     
   47.530000000000172       -1.9238505766138772     
   47.600000000000172       -1.9331653954625676     
   47.670000000000172       -1.9440994224028973     
   47.740000000000173       -1.9568122639278696     
   47.810000000000173       -1.9714794503137769     
   47.880000000000173       -1.9882932283112889     
   47.950000000000173       -2.0074634531665523     
   48.020000000000174       -2.0292186331335049     
   48.090000000000174       -2.0538072036090598     
   48.160000000000174       -2.0814991411165082     
   48.230000000000175       -2.1125880728407238     
   48.300000000000175       -2.1473940999612817     
   48.370000000000175       -2.1862676395937655     
   48.440000000000175       -2.2295947114413823     
   48.510000000000176       -2.2778042682814861     
   48.580000000000176       -2.3313784219519356     
   48.650000000000176       -2.3908667952050031     
   48.720000000000176       -2.4569068150942832     
   48.790000000000177       -2.5302526982238649     
   48.860000000000177       -2.6118174240957237     
   48.930000000000177       -2.7027346489672195     
   49.000000000000178       -2.8044522736034039     
   49.070000000000178       -2.9188783338579984     
   49.140000000000178       -3.0486177096537168     
   49.210000000000178       -3.1973761345987719     
   49.280000000000179       -3.3706960424196772     
   49.350000000000179       -3.5774160090739326     
   49.420000000000179       -3.8329216742974617     
   49.490000000000180       -4.1677166032868307     
   49.560000000000180       -4.6571328644500012     
   49.630000000000180       -5.6044366649324058     
   49.700000000000180       -6.2467159143486359     
   49.770000000000181       -4.9124939131465366     
   49.840000000000181       -4.3765938489580503     
   49.910000000000181       -4.0409473643902354     
   49.980000000000182       -3.7987626711845754     
   50.050000000000182       -3.6107722265524314     
   50.120000000000182       -3.4580396956655002     
   50.190000000000182       -3.3299242830244791     
   50.260000000000183       -3.2198160259238295     
   50.330000000000183       -3.1233049039742116     
   50.400000000000183       -3.0372868992856050     
   50.470000000000184       -2.9594849402336938     
   50.540000000000184       -2.8881733337355779     
   50.610000000000184       -2.8220101345827047     
   50.680000000000184       -2.7599304296823024     
   50.750000000000185       -2.7010757698088548     
   50.820000000000185       -2.6447459564176437     
   50.890000000000185       -2.5903651374887744     
   50.960000000000186       -2.5374573307600454     
   51.030000000000186       -2.4856283121864000     
   51.100000000000186       -2.4345518936890804     
   51.170000000000186       -2.3839592844925273     
   51.240000000000187       -2.3336306561136730     
   51.310000000000187       -2.2833883085202000     
   51.380000000000187       -2.2330910197761660     
   51.450000000000188       -2.1826292868272561     
   51.520000000000188       -2.1319212512706942     
   51.590000000000188       -2.0809091637932995     
   51.660000000000188       -2.0295562827021927     
   51.730000000000189       -1.9778441310914900     
   51.800000000000189       -1.9257700574100858     
   51.870000000000189       -1.8733450581181228     
   51.940000000000190       -1.8205918305917757     
   52.010000000000190       -1.7675430307940678     
   52.080000000000190       -1.7142397144481163     
   52.150000000000190       -1.6607299432390923     
   52.220000000000191       -1.6070675394466563     
   52.290000000000191       -1.5533109737363926     
   52.360000000000191       -1.4995223718697352     
   52.430000000000192       -1.4457666269946121     
   52.500000000000192       -1.3921106050574596     
   52.570000000000192       -1.3386224317890145     
   52.640000000000192       -1.2853708506861747     
   52.710000000000193       -1.2324246424427454     
   52.780000000000193       -1.1798520973619180     
   52.850000000000193       -1.1277205333927340     
   52.920000000000194       -1.0760958535483376     
   52.990000000000194       -1.0250421375603915     
   53.060000000000194      -0.97462126367785817     
   53.130000000000194      -0.92489255750724730     
   53.200000000000195      -0.87591246569605474     
   53.270000000000195      -0.82773425306542170     
   53.340000000000195      -0.78040772248903478     
   53.410000000000196      -0.73397895738431596     
   53.480000000000196      -0.68849008712384585     
   53.550000000000196      -0.64397907598901027     
   53.620000000000196      -0.60047953647767494     
   53.690000000000197      -0.55802056785119425     
   53.760000000000197      -0.51662662077535304     
   53.830000000000197      -0.47631738879100471     
   53.900000000000198      -0.43710772716240659     
   53.970000000000198      -0.39900759941617714     
   54.040000000000198      -0.36202205162436613     
   54.110000000000198      -0.32615121422430415     
   54.180000000000199      -0.29139033092722844     
   54.250000000000199      -0.25772981406641449     
   54.320000000000199      -0.22515532558851833     
   54.390000000000200      -0.19364788280958681     
   54.460000000000200      -0.16318398804412404     
   54.530000000000200      -0.13373578127053262     
   54.600000000000200      -0.10527121511174965     
   54.670000000000201       -7.7754251573209643E-002
   54.740000000000201       -5.1145080173740073E-002
   54.810000000000201       -2.5400357307470870E-002
   54.880000000000202       -4.7346686278133235E-004
   54.950000000000202        2.3685197726532391E-002
   55.020000000000202        4.7127929735590435E-002
   55.090000000000202        6.9909383441971659E-002
   55.160000000000203        9.2086226287907774E-002
   55.230000000000203       0.11371676894770358     
   55.300000000000203       0.13486057366029391     
   55.370000000000203       0.15557804162405667     
   55.440000000000204       0.17592998079189689     
   55.510000000000204       0.19597715603113164     
   55.580000000000204       0.21577982429950404     
   55.650000000000205       0.23539725820382956     
   55.720000000000205       0.25488726201441181     
   55.790000000000205       0.27430568486639290     
   55.860000000000205       0.29370593644761406     
   55.930000000000206       0.31313851091195538     
   56.000000000000206       0.33265052503245041     
   56.070000000000206       0.35228527669157039     
   56.140000000000207       0.37208182967806630     
   56.210000000000207       0.39207463041297935     
   56.280000000000207       0.41229316166665270     
   56.350000000000207       0.43276163757143171     
   56.420000000000208       0.45349874331126871     
   56.490000000000208       0.47451742182072204     
   56.560000000000208       0.49582470870165096     
   56.630000000000209       0.51742161542179166     
   56.700000000000209       0.53930305975317405     
   56.770000000000209       0.56145784139619215     
   56.840000000000209       0.58386865986795744     
   56.910000000000210       0.60651217105327582     
   56.980000000000210       0.62935907835314409     
   57.050000000000210       0.65237425413459416     
   57.120000000000211       0.67551688718650493     
   57.190000000000211       0.69874065210129899     
   57.260000000000211       0.72199389689825966     
   57.330000000000211       0.74521984573099109     
   57.400000000000212       0.76835681411640544     
   57.470000000000212       0.79133843471256982     
   57.540000000000212       0.81409389217905648     
   57.610000000000213       0.83654816599747062     
   57.680000000000213       0.85862228023973419     
   57.750000000000213       0.88023355909040402     
   57.820000000000213       0.90129588642309488     
   57.890000000000214       0.92171996689807134     
   57.960000000000214       0.94141358492592031     
   58.030000000000214       0.96028185651362863     
   58.100000000000215       0.97822746760431445     
   58.170000000000215       0.99515089121530398     
   58.240000000000215        1.0109505746839076     
   58.310000000000215        1.0255230878838708     
   58.380000000000216        1.0387632236237658     
   58.450000000000216        1.0505640428150500     
   58.520000000000216        1.0608168596020626     
   58.590000000000217        1.0694111656247962     
   58.660000000000217        1.0762344980111027     
   58.730000000000217        1.0811722625520270     
   58.800000000000217        1.0841075316799249     
   58.870000000000218        1.0849208460951874     
   58.940000000000218        1.0834900587702163     
   59.010000000000218        1.0796902700012332     
   59.080000000000219        1.0733939113376363     
   59.150000000000219        1.0644710434548965     
   59.220000000000219        1.0527899368725695     
   59.290000000000219        1.0382180030438097     
   59.360000000000220        1.0206231347097305     
   59.430000000000220       0.99987549647176654     
   59.500000000000220       0.97584977765376346     
   59.570000000000221       0.94842787908832693     
   59.640000000000221       0.91750195460135597     
   59.710000000000221       0.88297767024529528     
   59.780000000000221       0.84477748609593117     
   59.850000000000222       0.80284371553239764     
   59.920000000000222       0.75714108552392811     
   59.990000000000222       0.70765851789225664     
   60.060000000000223       0.65440988166273417     
   60.130000000000223       0.59743353039601532     
   60.200000000000223       0.53679052858195475     
   60.270000000000223       0.47256157409122640     
   60.340000000000224       0.40484272188288978     
   60.410000000000224       0.33374009046312503     
   60.480000000000224       0.25936377396089522     
   60.550000000000225       0.18182118280798354     
   60.620000000000225       0.10120999559201826     
   60.690000000000225        1.7610829635342929E-002
   60.760000000000225       -6.8920363749916613E-002
   60.830000000000226      -0.15836029505147378     
   60.900000000000226      -0.25072697905684665     
   60.970000000000226      -0.34608944363586075     
   61.040000000000227      -0.44457912824631729     
   61.110000000000227      -0.54640386989164069     
   61.180000000000227      -0.65186577152392877     
   61.250000000000227      -0.76138485779855569     
   61.320000000000228      -0.87553140239155691     
   61.390000000000228      -0.99507144458065400     
   61.460000000000228       -1.1210328417269899     
   61.530000000000229       -1.2548043099250172     
   61.600000000000229       -1.3982895720352448     
   61.670000000000229       -1.5541581127658233     
   61.740000000000229       -1.7262756929589085     
   61.810000000000230       -1.9204953758122403     
   61.880000000000230       -2.1462452678072963     
   61.950000000000230       -2.4201242118265189     
   62.020000000000231       -2.7756195510322534     
   62.090000000000231       -3.2982960821244824     
   62.160000000000231       -4.3701157760923381     
   62.230000000000231       -4.5343225873202027     
   62.300000000000232       -3.4006290101239562     
   62.370000000000232       -2.8942223612414333     
   62.440000000000232       -2.5661251946365682     
   62.510000000000232       -2.3233398534643546     
   62.580000000000233       -2.1303412664495278     
   62.650000000000233       -1.9697318026374924     
   62.720000000000233       -1.8316916206231555     
   62.790000000000234       -1.7101375040557203     
   62.860000000000234       -1.6010440218940425     
   62.930000000000234       -1.5016129417560451     
   63.000000000000234       -1.4098234095294238     
   63.070000000000235       -1.3241708917291979     
   63.140000000000235       -1.2435071580444963     
   63.210000000000235       -1.1669377721733261     
   63.280000000000236       -1.0937540092202105     
   63.350000000000236       -1.0233862771179478     
   63.420000000000236      -0.95537147032668690     
   63.490000000000236      -0.88932964421079941     
   63.560000000000237      -0.82494710611092636     
   63.630000000000237      -0.76196404034497445     
   63.700000000000237      -0.70016541441866231     
   63.770000000000238      -0.63937431298379543     
   63.840000000000238      -0.57944710482397299     
   63.910000000000238      -0.52027001877585655     
   63.980000000000238      -0.46175681824837483     
   64.050000000000239      -0.40384733992887201     
   64.120000000000232      -0.34650671220214158     
   64.190000000000225      -0.28972510024697612     
   64.260000000000218      -0.23351784256641353     
   64.330000000000211      -0.17792585113490245     
   64.400000000000205      -0.12301614684096572     
   64.470000000000198       -6.8882395575283265E-002
   64.540000000000191       -1.5645300355381111E-002
   64.610000000000184        3.6547306106666594E-002
   64.680000000000177        8.7520832767287657E-002
   64.750000000000171       0.13707493258106090     
   64.820000000000164       0.18498529497519650     
   64.890000000000157       0.23100636490274093     
   64.960000000000150       0.27487508383837983     
   65.030000000000143       0.31631568736082105     
   65.100000000000136       0.35504551562502223     
   65.170000000000130       0.39078170331368156     
   65.240000000000123       0.42324852500811072     
   65.310000000000116       0.45218509361954240     
   65.380000000000109       0.47735305701282021     
   65.450000000000102       0.49854392132926240     
   65.520000000000095       0.51558565232888365     
   65.590000000000089       0.52834826375710531     
   65.660000000000082       0.53674818253304668     
   65.730000000000075       0.54075126886387215     
   65.800000000000068       0.54037445046851595     
   65.870000000000061       0.53568599424577612     
   65.940000000000055       0.52680448339997299     
   66.010000000000048       0.51389659716511116     
   66.080000000000041       0.49717381126173316     
   66.150000000000034       0.47688815711801441     
   66.220000000000027       0.45332720021389428     
   66.290000000000020       0.42680842142820269     
   66.360000000000014       0.39767320488360147     
   66.430000000000007       0.36628064494182566     
   66.500000000000000       0.33300137849222239     
   66.569999999999993       0.29821162468619594     
   66.639999999999986       0.26228757505410916     
   66.709999999999980       0.22560022810217711     
   66.779999999999973       0.18851071135014499     
   66.849999999999966       0.15136608754360528     
   66.919999999999959       0.11449560607235452     
   66.989999999999952        7.8207338660561773E-002
   67.059999999999945        4.2785130844547659E-002
   67.129999999999939        8.4858061351953014E-003
   67.199999999999932       -2.4463424938540184E-002
   67.269999999999925       -5.5867377333359947E-002
   67.339999999999918       -8.5565128554249872E-002
   67.409999999999911      -0.11343206153089691     
   67.479999999999905      -0.13938167743329868     
   67.549999999999898      -0.16336713200132133     
   67.619999999999891      -0.18538244576692992     
   67.689999999999884      -0.20546334227974397     
   67.759999999999877      -0.22368767759702030     
   67.829999999999870      -0.24017543654408466     
   67.899999999999864      -0.25508828384650595     
   67.969999999999857      -0.26862866849218403     
   68.039999999999850      -0.28103848545679072     
   68.109999999999843      -0.29259729905411896     
   68.179999999999836      -0.30362012677761319     
   68.249999999999829      -0.31445477313965869     
   68.319999999999823      -0.32547869264248502     
   68.389999999999816      -0.33709535373673477     
   68.459999999999809      -0.34973007628009561     
   68.529999999999802      -0.36382532856543170     
   68.599999999999795      -0.37983550077803602     
   68.669999999999789      -0.39822122259173837     
   68.739999999999782      -0.41944336396327231     
   68.809999999999775      -0.44395694736912572     
   68.879999999999768      -0.47220530068162697     
   68.949999999999761      -0.50461488355441642     
   69.019999999999754      -0.54159131597834886     
   69.089999999999748      -0.58351721598109063     
   69.159999999999741      -0.63075250929078508     
   69.229999999999734      -0.68363791106651239     
   69.299999999999727      -0.74250231577398551     
   69.369999999999720      -0.80767490103589712     
   69.439999999999714      -0.87950291292689831     
   69.509999999999707      -0.95837644347250961     
   69.579999999999700       -1.0447621755665006     
   69.649999999999693       -1.1392492855714587     
   69.719999999999686       -1.2426128673564174     
   69.789999999999679       -1.3559041559209752     
   69.859999999999673       -1.4805840907446082     
   69.929999999999666       -1.6187308901435931     
   69.999999999999659       -1.7733815989890982     
