   7.0000000000000007E-002  -6.9077552789821359     
  0.14000000000000001       -6.9125470290370208     
  0.21000000000000002       -6.9220081020731170     
  0.28000000000000003       -6.9360628893241865     
  0.35000000000000003       -6.9546795350617510     
  0.42000000000000004       -6.9778685476265041     
  0.49000000000000005       -7.0056829863229702     
  0.56000000000000005       -7.0382202482923848     
  0.63000000000000012       -7.0756256072166801     
  0.70000000000000018       -7.1180978048127290     
  0.77000000000000024       -7.1658971894383159     
  0.84000000000000030       -7.2193571668676073     
  0.91000000000000036       -7.2789001287861517     
  0.98000000000000043       -7.3450596426194696     
   1.0500000000000005       -7.4185116758997731     
   1.1200000000000006       -7.5001192707995834     
   1.1900000000000006       -7.5909979162971073     
   1.2600000000000007       -7.6926139602096688     
   1.3300000000000007       -7.8069380300307216     
   1.4000000000000008       -7.9366947053516670     
   1.4700000000000009       -8.0857910660306018     
   1.5400000000000009       -8.2601036126250360     
   1.6100000000000010       -8.4690563188323402     
   1.6800000000000010       -8.7291898515205979     
   1.7500000000000011       -9.0737896201846411     
   1.8200000000000012       -9.5876341118730934     
   1.8900000000000012       -10.645979211047029     
   1.9600000000000013       -10.843813106213062     
   2.0300000000000011       -9.7007529123327618     
   2.1000000000000010       -9.1984156066722740     
   2.1700000000000008       -8.8789870213589559     
   2.2400000000000007       -8.6485429612596239     
   2.3100000000000005       -8.4712949965674724     
   2.3800000000000003       -8.3297307765232524     
   2.4500000000000002       -8.2139643494022767     
   2.5200000000000000       -8.1178664600405970     
   2.5899999999999999       -8.0373757375336083     
   2.6599999999999997       -7.9696642503970514     
   2.7299999999999995       -7.9126861785257798     
   2.7999999999999994       -7.8649162475419541     
   2.8699999999999992       -7.8251896525054141     
   2.9399999999999991       -7.7925996918291549     
   3.0099999999999989       -7.7664299101559022     
   3.0799999999999987       -7.7461077671699909     
   3.1499999999999986       -7.7311722300109684     
   3.2199999999999984       -7.7212506639689860     
   3.2899999999999983       -7.7160421147363873     
   3.3599999999999981       -7.7153051052651511     
   3.4299999999999979       -7.7188487084110600     
   3.4999999999999978       -7.7265260646802698     
   3.5699999999999976       -7.7382297838913150     
   3.6399999999999975       -7.7538888539022004     
   3.7099999999999973       -7.7734668112745027     
   3.7799999999999971       -7.7969610285181759     
   3.8499999999999970       -7.8244030544278953     
   3.9199999999999968       -7.8558600184521650     
   3.9899999999999967       -7.8914371861265362     
   4.0599999999999969       -7.9312818397178857     
   4.1299999999999972       -7.9755887678759612     
   4.1999999999999975       -8.0246077962759426     
   4.2699999999999978       -8.0786540022174123     
   4.3399999999999981       -8.1381215687356931     
   4.4099999999999984       -8.2035027127172437     
   4.4799999999999986       -8.2754138787985561     
   4.5499999999999989       -8.3546326273648308     
   4.6199999999999992       -8.4421507354834837     
   4.6899999999999995       -8.5392527045107904     
   4.7599999999999998       -8.6476356243214330     
   4.8300000000000001       -8.7695994354293063     
   4.9000000000000004       -8.9083636408569440     
   4.9700000000000006       -9.0686266907714810     
   5.0400000000000009       -9.2576318423207216     
   5.1100000000000012       -9.4874135028453619     
   5.1800000000000015       -9.7802513508167976     
   5.2500000000000018       -10.185120213797539     
   5.3200000000000021       -10.851234701753018     
   5.3900000000000023       -13.355079657632777     
   5.4600000000000026       -11.068508178025539     
   5.5300000000000029       -10.346638720386618     
   5.6000000000000032       -9.9469580055988622     
   5.6700000000000035       -9.6745722381595449     
   5.7400000000000038       -9.4714438187803029     
   5.8100000000000041       -9.3122966630446058     
   5.8800000000000043       -9.1838281597847562     
   5.9500000000000046       -9.0781720581528180     
   6.0200000000000049       -8.9902911364470928     
   6.0900000000000052       -8.9167668000228222     
   6.1600000000000055       -8.8551738620361338     
   6.2300000000000058       -8.8037308193345751     
   6.3000000000000060       -8.7610917584072148     
   6.3700000000000063       -8.7262162790915507     
   6.4400000000000066       -8.6982848648543953     
   6.5100000000000069       -8.6766419818843055     
   6.5800000000000072       -8.6607567737326328     
   6.6500000000000075       -8.6501953064610397     
   6.7200000000000077       -8.6446006265688027     
   6.7900000000000080       -8.6436782489428481     
   6.8600000000000083       -8.6471855161997215     
   6.9300000000000086       -8.6549237881885013     
   7.0000000000000089       -8.6667327551700790     
   7.0700000000000092       -8.6824863913164325     
   7.1400000000000095       -8.7020902189263314     
   7.2100000000000097       -8.7254796639164400     
   7.2800000000000100       -8.7526193663480019     
   7.3500000000000103       -8.7835033770649833     
   7.4200000000000106       -8.8181562312528978     
   7.4900000000000109       -8.8566349486393179     
   7.5600000000000112       -8.8990320749073835     
   7.6300000000000114       -8.9454799574159640     
   7.7000000000000117       -8.9961565508479655     
   7.7700000000000120       -9.0512931899417080     
   7.8400000000000123       -9.1111849702267751     
   7.9100000000000126       -9.1762046811497751     
   7.9800000000000129       -9.2468217018732535     
   8.0500000000000131       -9.3236280068437694     
   8.1200000000000134       -9.4073746303498798     
   8.1900000000000137       -9.4990239686647460     
   8.2600000000000140       -9.5998268587129161     
   8.3300000000000143       -9.7114399018568474     
   8.4000000000000146       -9.8361111158268493     
   8.4700000000000149       -9.9769879297567243     
   8.5400000000000151       -10.138659043879398     
   8.6100000000000154       -10.328181905532198     
   8.6800000000000157       -10.557234346122472     
   8.7500000000000160       -10.847291202073556     
   8.8200000000000163       -11.245009540339048     
   8.8900000000000166       -11.888988464747271     
   8.9600000000000168       -13.975868684929051     
   9.0300000000000171       -12.215217014923297     
   9.1000000000000174       -11.460379973847335     
   9.1700000000000177       -11.049830100099136     
   9.2400000000000180       -10.771336978152966     
   9.3100000000000183       -10.563753187150713     
   9.3800000000000185       -10.400829027570657     
   9.4500000000000188       -10.268875278000367     
   9.5200000000000191       -10.159856095002175     
   9.5900000000000194       -10.068661517667937     
   9.6600000000000197       -9.9918497308239296     
   9.7300000000000200       -9.9270004686295206     
   9.8000000000000203       -9.8723545618780406     
   9.8700000000000205       -9.8265999678892921     
   9.9400000000000208       -9.7887382216386598     
   10.010000000000021       -9.7579976119312892     
   10.080000000000021       -9.7337748147680951     
   10.150000000000022       -9.7155945699879211     
   10.220000000000022       -9.7030812104623720     
   10.290000000000022       -9.6959382321891443     
   10.360000000000023       -9.6939334892995568     
   10.430000000000023       -9.6968884470378232     
   10.500000000000023       -9.7046704602184342     
   10.570000000000023       -9.7171873930238650     
   10.640000000000024       -9.7343841322495539     
   10.710000000000024       -9.7562407147008727     
   10.780000000000024       -9.7827719186016946     
   10.850000000000025       -9.8140282779625583     
   10.920000000000025       -9.8500985829640033     
   10.990000000000025       -9.8911140425734221     
   11.060000000000025       -9.9372544237052427     
   11.130000000000026       -9.9887566654091859     
   11.200000000000026       -10.045926728468720     
   11.270000000000026       -10.109155831014258     
   11.340000000000027       -10.178942824733687     
   11.410000000000027       -10.255925433808837     
   11.480000000000027       -10.340924683415917     
   11.550000000000027       -10.435009607701582     
   11.620000000000028       -10.539594289161721     
   11.690000000000028       -10.656588636222132     
   11.760000000000028       -10.788642984744087     
   11.830000000000028       -10.939566580416393     
   11.900000000000029       -11.115093181271524     
   11.970000000000029       -11.324409319513181     
   12.040000000000029       -11.583589407915344     
   12.110000000000030       -11.924775394004927     
   12.180000000000030       -12.428757827263636     
   12.250000000000030       -13.438813300287388     
   12.320000000000030       -13.812731583793298     
   12.390000000000031       -12.599536183819394     
   12.460000000000031       -12.083800169474912     
   12.530000000000031       -11.757675795044639     
   12.600000000000032       -11.522344043837659     
   12.670000000000032       -11.340721038729194     
   12.740000000000032       -11.194803502977084     
   12.810000000000032       -11.074480254619987     
   12.880000000000033       -10.973507046037559     
   12.950000000000033       -10.887761155928549     
   13.020000000000033       -10.814382857562826     
   13.090000000000034       -10.751312586185103     
   13.160000000000034       -10.697023344935996     
   13.230000000000034       -10.650357201093669     
   13.300000000000034       -10.610420810894587     
   13.370000000000035       -10.576516153138513     
   13.440000000000035       -10.548093170322719     
   13.510000000000035       -10.524716541734575     
   13.580000000000036       -10.506041864283036     
   13.650000000000036       -10.491798274817091     
   13.720000000000036       -10.481775599338128     
   13.790000000000036       -10.475814764750004     
   13.860000000000037       -10.473800623425984     
   13.930000000000037       -10.475656613414030     
   14.000000000000037       -10.481340861959666     
   14.070000000000038       -10.490843470105062     
   14.140000000000038       -10.504184812067317     
   14.210000000000038       -10.521414758445431     
   14.280000000000038       -10.542612796776988     
   14.350000000000039       -10.567889083807023     
   14.420000000000039       -10.597386528513249     
   14.490000000000039       -10.631284080472421     
   14.560000000000040       -10.669801494664679     
   14.630000000000040       -10.713205974697436     
   14.700000000000040       -10.761821282657124     
   14.770000000000040       -10.816040178587963     
   14.840000000000041       -10.876341471046334     
   14.910000000000041       -10.943313617046922     
   14.980000000000041       -11.017687872945624     
   15.050000000000042       -11.100385777284092     
   15.120000000000042       -11.192588838159562     
   15.190000000000042       -11.295843903364341     
   15.260000000000042       -11.412228376307992     
   15.330000000000043       -11.544621052253794     
   15.400000000000043       -11.697171326947759     
   15.470000000000043       -11.876171219421694     
   15.540000000000044       -12.091832609244044     
   15.610000000000044       -12.362400201186357     
   15.680000000000044       -12.725646912155741     
   15.750000000000044       -13.283149480456235     
   15.820000000000045       -14.573518602581226     
   15.890000000000045       -14.137512756947840     
   15.960000000000045       -13.187994766942195     
   16.030000000000044       -12.726044915370453     
   16.100000000000044       -12.424000460352017     
   16.170000000000044       -12.203044140768922     
   16.240000000000045       -12.031543593669026     
   16.310000000000045       -11.893577147836943     
   16.380000000000045       -11.779987503092721     
   16.450000000000045       -11.685017454597276     
   16.520000000000046       -11.604808443995482     
   16.590000000000046       -11.536646808659164     
   16.660000000000046       -11.478551203028589     
   16.730000000000047       -11.429031238500579     
   16.800000000000047       -11.386938633296422     
   16.870000000000047       -11.351371389835714     
   16.940000000000047       -11.321609880503688     
   17.010000000000048       -11.297072931157555     
   17.080000000000048       -11.277286880451324     
   17.150000000000048       -11.261863316511549     
   17.220000000000049       -11.250482773107862     
   17.290000000000049       -11.242882618420593     
   17.360000000000049       -11.238847960037852     
   17.430000000000049       -11.238204767029840     
   17.500000000000050       -11.240814657184842     
   17.570000000000050       -11.246570964079746     
   17.640000000000050       -11.255395813224480     
   17.710000000000051       -11.267238018108477     
   17.780000000000051       -11.282071666864088     
   17.850000000000051       -11.299895316260754     
   17.920000000000051       -11.320731747164320     
   17.990000000000052       -11.344628268659701     
   18.060000000000052       -11.371657590006173     
   18.130000000000052       -11.401919313146264     
   18.200000000000053       -11.435542138057432     
   18.270000000000053       -11.472686921876067     
   18.340000000000053       -11.513550797307690     
   18.410000000000053       -11.558372644243105     
   18.480000000000054       -11.607440333924067     
   18.550000000000054       -11.661100347965595     
   18.620000000000054       -11.719770647745756     
   18.690000000000055       -11.783958089262638     
   18.760000000000055       -11.854282338746458     
   18.830000000000055       -11.931509315605515     
   18.900000000000055       -12.016598984245423     
   18.970000000000056       -12.110775436345229     
   19.040000000000056       -12.215632868199553     
   19.110000000000056       -12.333301859765783     
   19.180000000000057       -12.466722233327904     
   19.250000000000057       -12.620116372401782     
   19.320000000000057       -12.799870239513774     
   19.390000000000057       -13.016332384690891     
   19.460000000000058       -13.287988005294537     
   19.530000000000058       -13.653170492799687     
   19.600000000000058       -14.215494760465523     
   19.670000000000059       -15.536519889898100     
   19.740000000000059       -15.032145769979438     
   19.810000000000059       -14.098848812248720     
   19.880000000000059       -13.641030348809563     
   19.950000000000060       -13.341234341855467     
   20.020000000000060       -13.122046824521128     
   20.090000000000060       -12.952265515382855     
   20.160000000000061       -12.816158292461932     
   20.230000000000061       -12.704672480952462     
   20.300000000000061       -12.612117797863771     
   20.370000000000061       -12.534682644146686     
   20.440000000000062       -12.469688079174370     
   20.510000000000062       -12.415179012735415     
   20.580000000000062       -12.369684877859864     
   20.650000000000063       -12.332071988023484     
   20.720000000000063       -12.301448507964947     
   20.790000000000063       -12.277101117544063     
   20.860000000000063       -12.258451559909293     
   20.930000000000064       -12.245026107006701     
   21.000000000000064       -12.236433674505816     
   21.070000000000064       -12.232349886851642     
   21.140000000000065       -12.232505337610940     
   21.210000000000065       -12.236676877874512     
   21.280000000000065       -12.244681141186410     
   21.350000000000065       -12.256369761712746     
   21.420000000000066       -12.271625909610448     
   21.490000000000066       -12.290361884377232     
   21.560000000000066       -12.312517592315265     
   21.630000000000067       -12.338059797371740     
   21.700000000000067       -12.366982087484692     
   21.770000000000067       -12.399305543176734     
   21.840000000000067       -12.435080140064159     
   21.910000000000068       -12.474386963495924     
   21.980000000000068       -12.517341370074032     
   22.050000000000068       -12.564097300977760     
   22.120000000000068       -12.614853048349746     
   22.190000000000069       -12.669858909837622     
   22.260000000000069       -12.729427361522369     
   22.330000000000069       -12.793946670683617     
   22.400000000000070       -12.863899318870535     
   22.470000000000070       -12.939887312603213     
   22.540000000000070       -13.022667613922554     
   22.610000000000070       -13.113202864271203     
   22.680000000000071       -13.212735973978457     
   22.750000000000071       -13.322903356456774     
   22.820000000000071       -13.445913525686485     
   22.890000000000072       -13.584842188634894     
   22.960000000000072       -13.744148735847189     
   23.030000000000072       -13.930649053407882     
   23.100000000000072       -14.155534189250247     
   23.170000000000073       -14.439163534303443     
   23.240000000000073       -14.825013216207070     
   23.310000000000073       -15.437713839652458     
   23.380000000000074       -17.150404560073579     
   23.450000000000074       -15.929959071141072     
   23.520000000000074       -15.120887552933358     
   23.590000000000074       -14.694778008001872     
   23.660000000000075       -14.409065437456695     
   23.730000000000075       -14.197473198385513     
   23.800000000000075       -14.032149829867077     
   23.870000000000076       -13.898742541196112     
   23.940000000000076       -13.788888926913444     
   24.010000000000076       -13.697297534802384     
   24.080000000000076       -13.620415568493245     
   24.150000000000077       -13.555749144615492     
   24.220000000000077       -13.501486580154248     
   24.290000000000077       -13.456275832734082     
   24.360000000000078       -13.419086152491003     
   24.430000000000078       -13.389118462289284     
   24.500000000000078       -13.365745314575117     
   24.570000000000078       -13.348469544794755     
   24.640000000000079       -13.336895172338284     
   24.710000000000079       -13.330706586312647     
   24.780000000000079       -13.329653507896637     
   24.850000000000080       -13.333540103168817     
   24.920000000000080       -13.342217174079666     
   24.990000000000080       -13.355576714831939     
   25.060000000000080       -13.373548364198619     
   25.130000000000081       -13.396097456394092     
   25.200000000000081       -13.423224504099595     
   25.270000000000081       -13.454966055892230     
   25.340000000000082       -13.491396972135201     
   25.410000000000082       -13.532634271803420     
   25.480000000000082       -13.578842832458395     
   25.550000000000082       -13.630243395728963     
   25.620000000000083       -13.687123569900656     
   25.690000000000083       -13.749852875107331     
   25.760000000000083       -13.818903417215395     
   25.830000000000084       -13.894878639094438     
   25.900000000000084       -13.978554014100235     
   25.970000000000084       -14.070935961239405     
   26.040000000000084       -14.173349557803617     
   26.110000000000085       -14.287573615226936     
   26.180000000000085       -14.416057418732342     
   26.250000000000085       -14.562286489403832     
   26.320000000000086       -14.731440100409113     
   26.390000000000086       -14.931673674110232     
   26.460000000000086       -15.176909737425941     
   26.530000000000086       -15.493942851919627     
   26.600000000000087       -15.945619764773072     
   26.670000000000087       -16.753877387853699     
   26.740000000000087       -18.344390532817151     
   26.810000000000088       -16.442848265818377     
   26.880000000000088       -15.845340306427346     
   26.950000000000088       -15.487112026116039     
   27.020000000000088       -15.234579527919689     
   27.090000000000089       -15.042224360607555     
   27.160000000000089       -14.888981219118032     
   27.230000000000089       -14.763361856773759     
   27.300000000000090       -14.658413118913785     
   27.370000000000090       -14.569611723362272     
   27.440000000000090       -14.493855778760837     
   27.510000000000090       -14.428931706752408     
   27.580000000000091       -14.373210697199321     
   27.650000000000091       -14.325465488761333     
   27.720000000000091       -14.284754457023679     
   27.790000000000092       -14.250345404678965     
   27.860000000000092       -14.221663823712280     
   27.930000000000092       -14.198256819002287     
   28.000000000000092       -14.179767387777533     
   28.070000000000093       -14.165915752186264     
   28.140000000000093       -14.156485622494985     
   28.210000000000093       -14.151314005356580     
   28.280000000000094       -14.150283625623253     
   28.350000000000094       -14.153317338585200     
   28.420000000000094       -14.160374110323559     
   28.490000000000094       -14.171446287245395     
   28.560000000000095       -14.186557985061269     
   28.630000000000095       -14.205764509252736     
   28.700000000000095       -14.229152792586298     
   28.770000000000095       -14.256842907903694     
   28.840000000000096       -14.288990790046142     
   28.910000000000096       -14.325792395700516     
   28.980000000000096       -14.367489651303362     
   29.050000000000097       -14.414378709118028     
   29.120000000000097       -14.466821279306940     
   29.190000000000097       -14.525260175394353     
   29.260000000000097       -14.590240789359102     
   29.330000000000098       -14.662441135647478     
   29.400000000000098       -14.742714637397782     
   29.470000000000098       -14.832152459503426     
   29.540000000000099       -14.932176904900523     
   29.610000000000099       -15.044686239005030     
   29.680000000000099       -15.172288880786695     
   29.750000000000099       -15.318702273800419     
   29.820000000000100       -15.489478180853089     
   29.890000000000100       -15.693438584209243     
   29.960000000000100       -15.945865892720024     
   30.030000000000101       -16.276878952097178     
   30.100000000000101       -16.760250602848497     
   30.170000000000101       -17.687538316004243     
   30.240000000000101       -18.424200041973215     
   30.310000000000102       -17.043830349283120     
   30.380000000000102       -16.502715641755128     
   30.450000000000102       -16.166992794972895     
   30.520000000000103       -15.927229301528829     
   30.590000000000103       -15.743616286157067     
   30.660000000000103       -15.597117965562850     
   30.730000000000103       -15.477132593278133     
   30.800000000000104       -15.377141769238628     
   30.870000000000104       -15.292848094229313     
   30.940000000000104       -15.221267470631467     
   31.010000000000105       -15.160243137854087     
   31.080000000000105       -15.108166241961497     
   31.150000000000105       -15.063805873131814     
   31.220000000000105       -15.026200881684479     
   31.290000000000106       -14.994588391080438     
   31.360000000000106       -14.968355067288352     
   31.430000000000106       -14.947003013354221     
   31.500000000000107       -14.930125365722949     
   31.570000000000107       -14.917388511976704     
   31.640000000000107       -14.908518930720284     
   31.710000000000107       -14.903293340958202     
   31.780000000000108       -14.901531271384238     
   31.850000000000108       -14.903089434746038     
   31.920000000000108       -14.907857485426433     
   31.990000000000109       -14.915754859757746     
   32.060000000000109       -14.926728491656803     
   32.130000000000109       -14.940751259854080     
   32.200000000000109       -14.957821077681022     
   32.270000000000110       -14.977960567093882     
   32.340000000000110       -15.001217306173952     
   32.410000000000110       -15.027664663134530     
   32.480000000000111       -15.057403268032104     
   32.550000000000111       -15.090563219456747     
   32.620000000000111       -15.127307164715019     
   32.690000000000111       -15.167834463384166     
   32.760000000000112       -15.212386740613818     
   32.830000000000112       -15.261255254139277     
   32.900000000000112       -15.314790695832182     
   32.970000000000113       -15.373416333750644     
   33.040000000000113       -15.437645821790912     
   33.110000000000113       -15.508107709419891     
   33.180000000000113       -15.585579773892659     
   33.250000000000114       -15.671038191583335     
   33.320000000000114       -15.765729805606655     
   33.390000000000114       -15.871281716093781     
   33.460000000000115       -15.989873774551803     
   33.530000000000115       -16.124522755925803     
   33.600000000000115       -16.279577714238016     
   33.670000000000115       -16.461647833510721     
   33.740000000000116       -16.681513112632388     
   33.810000000000116       -16.958611137662793     
   33.880000000000116       -17.333865646839751     
   33.950000000000117       -17.921267071642063     
   34.020000000000117       -19.418141015599939     
   34.090000000000117       -18.563215910703732     
   34.160000000000117       -17.700096782287847     
   34.230000000000118       -17.259893149223387     
   34.300000000000118       -16.968170661084724     
   34.370000000000118       -16.753645475301489     
   34.440000000000119       -16.586915087536539     
   34.510000000000119       -16.452965140839520     
   34.580000000000119       -16.343084532401733     
   34.650000000000119       -16.251765503104942     
   34.720000000000120       -16.175302295163643     
   34.790000000000120       -16.111081169645125     
   34.860000000000120       -16.057189106005431     
   34.930000000000121       -16.012183694294269     
   35.000000000000121       -15.974950661132953     
   35.070000000000121       -15.944611893962639     
   35.140000000000121       -15.920463984491560     
   35.210000000000122       -15.901935973240025     
   35.280000000000122       -15.888559600979095     
   35.350000000000122       -15.879947944390539     
   35.420000000000122       -15.875779841396533     
   35.490000000000123       -15.875788388134737     
   35.560000000000123       -15.879752397844811     
   35.630000000000123       -15.887490030816934     
   35.700000000000124       -15.898854084059579     
   35.770000000000124       -15.913728559613762     
   35.840000000000124       -15.932026272720224     
   35.910000000000124       -15.953687318273429     
   35.980000000000125       -15.978678288776457     
   36.050000000000125       -16.006992186935385     
   36.120000000000125       -16.038649017837422     
   36.190000000000126       -16.073697086471977     
   36.260000000000126       -16.112215073854337     
   36.330000000000126       -16.154315008281120     
   36.400000000000126       -16.200146336229750     
   36.470000000000127       -16.249901363640170     
   36.540000000000127       -16.303822467640966     
   36.610000000000127       -16.362211667612836     
   36.680000000000128       -16.425443395017073     
   36.750000000000128       -16.493981741526127     
   36.820000000000128       -16.568404036814101     
   36.890000000000128       -16.649433735368493     
   36.960000000000129       -16.737987245648366     
   37.030000000000129       -16.835242355870825     
   37.100000000000129       -16.942741359323946     
   37.170000000000130       -17.062552275277966     
   37.240000000000130       -17.197532342951607     
   37.310000000000130       -17.351782989281993     
   37.380000000000130       -17.531491847183787     
   37.450000000000131       -17.746639402262765     
   37.520000000000131       -18.014917687649859     
   37.590000000000131       -18.372549203023475     
   37.660000000000132       -18.915017916510045     
   37.730000000000132       -20.115364136623754     
   37.800000000000132       -19.897058526211080     
   37.870000000000132       -18.890297386009468     
   37.940000000000133       -18.415125796559110     
   38.010000000000133       -18.107047045028132     
   38.080000000000133       -17.882616442959691     
   38.150000000000134       -17.708945140161060     
   38.220000000000134       -17.569666332259242     
   38.290000000000134       -17.455453712790835     
   38.360000000000134       -17.360495715890369     
   38.430000000000135       -17.280933390327625     
   38.500000000000135       -17.214080143951076     
   38.570000000000135       -17.157996228861528     
   38.640000000000136       -17.111240503410418     
   38.710000000000136       -17.072717683374584     
   38.780000000000136       -17.041580214248686     
   38.850000000000136       -17.017162979544402     
   38.920000000000137       -16.998938594829287     
   38.990000000000137       -16.986486083394723     
   39.060000000000137       -16.979468543879538     
   39.130000000000138       -16.977617044853329     
   39.200000000000138       -16.980718956029516     
   39.270000000000138       -16.988609547658641     
   39.340000000000138       -17.001166072906116     
   39.410000000000139       -17.018303808883211     
   39.480000000000139       -17.039973733003649     
   39.550000000000139       -17.066161626921062     
   39.620000000000140       -17.096888519194604     
   39.690000000000140       -17.132212485583569     
   39.760000000000140       -17.172231908304582     
   39.830000000000140       -17.217090427392293     
   39.900000000000141       -17.266983968903862     
   39.970000000000141       -17.322170414639015     
   40.040000000000141       -17.382982824433949     
   40.110000000000142       -17.449847491790393     
   40.180000000000142       -17.523308919445217     
   40.250000000000142       -17.604064874015325     
   40.320000000000142       -17.693016565238413     
   40.390000000000143       -17.791342463662584     
   40.460000000000143       -17.900610272380419     
   40.530000000000143       -18.022953260635717     
   40.600000000000144       -18.161361227859956     
   40.670000000000144       -18.320188732509887     
   40.740000000000144       -18.506110047711804     
   40.810000000000144       -18.730094502732207     
   40.880000000000145       -19.012075706994231     
   40.950000000000145       -19.394443105399422     
   41.020000000000145       -19.997408851243613     
   41.090000000000146       -21.616381968840361     
   41.160000000000146       -20.548390267833891     
   41.230000000000146       -19.718360170958771     
   41.300000000000146       -19.285954408906676     
   41.370000000000147       -18.996639450517272     
   41.440000000000147       -18.782189618660578     
   41.510000000000147       -18.614130912587921     
   41.580000000000148       -18.477835948146598     
   41.650000000000148       -18.364793774647421     
   41.720000000000148       -18.269620722126682     
   41.790000000000148       -18.188701298650905     
   41.860000000000149       -18.119496733494952     
   41.930000000000149       -18.060162557679448     
   42.000000000000149       -18.009323039005285     
   42.070000000000149       -17.965931141158809     
   42.140000000000150       -17.929177870189740     
   42.210000000000150       -17.898431486610548     
   42.280000000000150       -17.873195606455418     
   42.350000000000151       -17.853079572102811     
   42.420000000000151       -17.837777107285731     
   42.490000000000151       -17.827050715808650     
   42.560000000000151       -17.820720136243999     
   42.630000000000152       -17.818653777006283     
   42.700000000000152       -17.820762406173333     
   42.770000000000152       -17.826994566940538     
   42.840000000000153       -17.837333412661511     
   42.910000000000153       -17.851794779782555     
   42.980000000000153       -17.870426332847728     
   43.050000000000153       -17.893307782805113     
   43.120000000000154       -17.920552240230787     
   43.190000000000154       -17.952308770006542     
   43.260000000000154       -17.988766418107332     
   43.330000000000155       -18.030160041810760     
   43.400000000000155       -18.076778422792746     
   43.470000000000155       -18.128975442477060     
   43.540000000000155       -18.187185435957964     
   43.610000000000156       -18.251944413081201     
   43.680000000000156       -18.323919717193480     
   43.750000000000156       -18.403952250818495     
   43.820000000000157       -18.493117918331514     
   43.890000000000157       -18.592819581851764     
   43.960000000000157       -18.704929430009415     
   44.030000000000157       -18.832018772055854     
   44.100000000000158       -18.977748571978822     
   44.170000000000158       -19.147577543707776     
   44.240000000000158       -19.350158846983934     
   44.310000000000159       -19.600427309510490     
   44.380000000000159       -19.927642885568503     
   44.450000000000159       -20.402695313594919     
   44.520000000000159       -21.297585157814886     
   44.590000000000160       -22.211667792969006     
   44.660000000000160       -20.737412049970008     
   44.730000000000160       -20.183675506766082     
   44.800000000000161       -19.842875869981260     
   44.870000000000161       -19.600308169325395     
   44.940000000000161       -19.414863743055516     
   45.010000000000161       -19.267031298863902     
   45.080000000000162       -19.145994105458627     
   45.150000000000162       -19.045122686716542     
   45.220000000000162       -18.960056797013213     
   45.290000000000163       -18.887774468236458     
   45.360000000000163       -18.826095061173387     
   45.430000000000163       -18.773394319267265     
   45.500000000000163       -18.728431180992541     
   45.570000000000164       -18.690237891640091     
   45.640000000000164       -18.658047405709215     
   45.710000000000164       -18.631243929958263     
   45.780000000000165       -18.609328381090386     
   45.850000000000165       -18.591893656898652     
   45.920000000000165       -18.578606634700499     
   45.990000000000165       -18.569194862968430     
   46.060000000000166       -18.563436609530516     
   46.130000000000166       -18.561153297717095     
   46.200000000000166       -18.562203872046698     
   46.270000000000167       -18.566480513246699     
   46.340000000000167       -18.573905405386029     
   46.410000000000167       -18.584428421775939     
   46.480000000000167       -18.598025599822591     
   46.550000000000168       -18.614698207926665     
   46.620000000000168       -18.634472399459852     
   46.690000000000168       -18.657399473451445     
   46.760000000000169       -18.683556758393220     
   46.830000000000169       -18.713049083083231     
   46.900000000000169       -18.746011077929154     
   46.970000000000169       -18.782610273425981     
   47.040000000000170       -18.823051440992412     
   47.110000000000170       -18.867582200752906     
   47.180000000000170       -18.916500732193718     
   47.250000000000171       -18.970165742572892     
   47.320000000000171       -19.029010145750298     
   47.390000000000171       -19.093559442944869     
   47.460000000000171       -19.164457209562602     
   47.530000000000172       -19.242500742731213     
   47.600000000000172       -19.328692354270046     
   47.670000000000172       -19.424315165501476     
   47.740000000000173       -19.531048156610474     
   47.810000000000173       -19.651148479837605     
   47.880000000000173       -19.787753362742144     
   47.950000000000173       -19.945410328203135     
   48.020000000000174       -20.131079930344871     
   48.090000000000174       -20.356227160691930     
   48.160000000000174       -20.641824350032984     
   48.230000000000175       -21.033080747137468     
   48.300000000000175       -21.662161986098084     
   48.370000000000175       -23.559930067774111     
   48.440000000000175       -22.060889756674118     
   48.510000000000176       -21.283571273495511     
   48.580000000000176       -20.867132945239490     
   48.650000000000176       -20.586632203762637     
   48.720000000000176       -20.378682146354322     
   48.790000000000177       -20.216291629342447     
   48.860000000000177       -20.085428970021219     
   48.930000000000177       -19.977857591588595     
   49.000000000000178       -19.888326189582283     
   49.070000000000178       -19.813279202280061     
   49.140000000000178       -19.750196263305259     
   49.210000000000178       -19.697225232782635     
   49.280000000000179       -19.652964887571521     
   49.350000000000179       -19.616329687606829     
   49.420000000000179       -19.586462159795200     
   49.490000000000180       -19.562673983836202     
   49.560000000000180       -19.544405575557047     
   49.630000000000180       -19.531197326260560     
   49.700000000000180       -19.522669113000806     
   49.770000000000181       -19.518505157419039     
   49.840000000000181       -19.518442924896149     
   49.910000000000181       -19.522264754071589     
   49.980000000000182       -19.529791815443502     
   50.050000000000182       -19.540879317375136     
   50.120000000000182       -19.555413291634945     
   50.190000000000182       -19.573308191863617     
   50.260000000000183       -19.594505376848595     
   50.330000000000183       -19.618972302922149     
   50.400000000000183       -19.646702432245071     
   50.470000000000184       -19.677715720612852     
   50.540000000000184       -19.712059877305393     
   50.610000000000184       -19.749812298369086     
   50.680000000000184       -19.791082834530840     
   50.750000000000185       -19.836017764931601     
   50.820000000000185       -19.884804834025267     
   50.890000000000185       -19.937680118203897     
   50.960000000000186       -19.994937130764022     
   51.030000000000186       -20.056938758777104     
   51.100000000000186       -20.124133562729369     
   51.170000000000186       -20.197077854811269     
   51.240000000000187       -20.276466339453265     
   51.310000000000187       -20.363175729479099     
   51.380000000000187       -20.458327891456726     
   51.450000000000188       -20.563384598694274     
   51.520000000000188       -20.680294299515538     
   51.590000000000188       -20.811729873049455     
   51.660000000000188       -20.961494004689335     
   51.730000000000189       -21.135257912601517     
   51.800000000000189       -21.342029284679732     
   51.870000000000189       -21.597424931076699     
   51.940000000000190       -21.932319240982331     
   52.010000000000190       -22.422918215935482     
   52.080000000000190       -23.377622715357472     
   52.150000000000190       -23.982765487810219     
   52.220000000000191       -22.666809821969053     
   52.290000000000191       -22.135009109024288     
   52.360000000000191       -21.803000430399983     
   52.430000000000192       -21.565321232985259     
   52.500000000000192       -21.383218141652293     
   52.570000000000192       -21.238093309510649     
   52.640000000000192       -21.119585079630252     
   52.710000000000193       -21.021334874671712     
   52.780000000000193       -20.939166689600359     
   52.850000000000193       -20.870196505548481     
   52.920000000000194       -20.812354536400225     
   52.990000000000194       -20.764109751042614     
   53.060000000000194       -20.724301990131494     
   53.130000000000194       -20.692035214495025     
   53.200000000000195       -20.666606681383719     
   53.270000000000195       -20.647458892796418     
   53.340000000000195       -20.634146014959825     
   53.410000000000196       -20.626309989096477     
   53.480000000000196       -20.623663416776587     
   53.550000000000196       -20.625977046661198     
   53.620000000000196       -20.633070815852012     
   53.690000000000197       -20.644807470431338     
   53.760000000000197       -20.661088235635418     
   53.830000000000197       -20.681849957870174     
   53.900000000000198       -20.707064167315721     
   53.970000000000198       -20.736736710312357     
   54.040000000000198       -20.770909343729251     
   54.110000000000198       -20.809662478673079     
   54.180000000000199       -20.853119184083518     
   54.250000000000199       -20.901451457645415     
   54.320000000000199       -20.954888816913513     
   54.390000000000200       -21.013729172735619     
   54.460000000000200       -21.078355446749075     
   54.530000000000200       -21.149256152746840     
   54.600000000000200       -21.227056274814025     
   54.670000000000201       -21.312559149179606     
   54.740000000000201       -21.406808481676737     
   54.810000000000201       -21.511180251910499     
   54.880000000000202       -21.627525773339421     
   54.950000000000202       -21.758402048948405     
   55.020000000000202       -21.907462127035032     
   55.090000000000202       -22.080166027682228     
   55.160000000000203       -22.285179428883303     
   55.230000000000203       -22.537469466222657     
   55.300000000000203       -22.866375780835437     
   55.370000000000203       -23.343038477019093     
   55.440000000000204       -24.241044106524505     
   55.510000000000204       -25.139809729589206     
   55.580000000000204       -23.673707481611601     
   55.650000000000205       -23.120397263323834     
   55.720000000000205       -22.779056343960502     
   55.790000000000205       -22.535475382476001     
   55.860000000000205       -22.348701026505250     
   55.930000000000206       -22.199307105802415     
   56.000000000000206       -22.076544262335119     
   56.070000000000206       -21.973843307151224     
   56.140000000000207       -21.886903759677324     
   56.210000000000207       -21.812762376301837     
   56.280000000000207       -21.749299326490373     
   56.350000000000207       -21.694951103899331     
   56.420000000000208       -21.648539559058783     
   56.490000000000208       -21.609160355125141     
   56.560000000000208       -21.576111959252682     
   56.630000000000209       -21.548844859703586     
   56.700000000000209       -21.526927535541642     
   56.770000000000209       -21.510021614191327     
   56.840000000000209       -21.497863896642595     
   56.910000000000210       -21.490252952087197     
   56.980000000000210       -21.487040120347803     
   57.050000000000210       -21.488121129620669     
   57.120000000000211       -21.493431651426228     
   57.190000000000211       -21.502943720913883     
   57.260000000000211       -21.516662852967347     
   57.330000000000211       -21.534627093518441     
   57.400000000000212       -21.556907342903983     
   57.470000000000212       -21.583607674380310     
   57.540000000000212       -21.614868476863801     
   57.610000000000213       -21.650869642446064     
   57.680000000000213       -21.691836905105514     
   57.750000000000213       -21.738049085302723     
   57.820000000000213       -21.789849433219654     
   57.890000000000214       -21.847660373525347     
   57.960000000000214       -21.912004255211837     
   58.030000000000214       -21.983532400922893     
   58.100000000000215       -22.063066173868869     
   58.170000000000215       -22.151656671273528     
   58.240000000000215       -22.250674140417853     
   58.310000000000215       -22.361945546296315     
   58.380000000000216       -22.487976300784922     
   58.450000000000216       -22.632325012563545     
   58.520000000000216       -22.800279744729487     
   58.590000000000217       -23.000183879555628     
   58.660000000000217       -23.246333407055882     
   58.730000000000217       -23.566426379337681     
   58.800000000000217       -24.026217197438708     
   58.870000000000218       -24.865030017233934     
   58.940000000000218       -26.166843543167388     
   59.010000000000218       -24.460646978161122     
   59.080000000000219       -23.880918921877555     
   59.150000000000219       -23.529996784059556     
   59.220000000000219       -23.281960068354447     
   59.290000000000219       -23.093028962334262     
   59.360000000000220       -22.942729197440517     
   59.430000000000220       -22.819811621763275     
   59.500000000000220       -22.717424697211523     
   59.570000000000221       -22.631083877386995     
   59.640000000000221       -22.557690498041485     
   59.710000000000221       -22.495016246578423     
   59.780000000000221       -22.441405360946455     
   59.850000000000222       -22.395594494840115     
   59.920000000000222       -22.356602535131639     
   59.990000000000222       -22.323651480651012     
   60.060000000000223       -22.296118719942086     
   60.130000000000223       -22.273500617675854     
   60.200000000000223       -22.255387108973764     
   60.270000000000223       -22.241443899462013     
   60.340000000000224       -22.231397120613462     
   60.410000000000224       -22.225026192919298     
   60.480000000000224       -22.222152310206855     
   60.550000000000225       -22.222636518754094     
   60.620000000000225       -22.226372399292661     
   60.690000000000225       -22.233284527045097     
   60.760000000000225       -22.243324491580985     
   60.830000000000226       -22.256471834906673     
   60.900000000000226       -22.272730239286794     
   60.970000000000226       -22.292128971547456     
   61.040000000000227       -22.314723028386592     
   61.110000000000227       -22.340593422097609     
   61.180000000000227       -22.369848110584904     
   61.250000000000227       -22.402626583937749     
   61.320000000000228       -22.439100927603292     
   61.390000000000228       -22.479481402582376     
   61.460000000000228       -22.524021067242494     
   61.530000000000229       -22.573025435978643     
   61.600000000000229       -22.626860752803804     
   61.670000000000229       -22.685970489309263     
   61.740000000000229       -22.750891755798033     
   61.810000000000230       -22.822283942855560     
   61.880000000000230       -22.900964481938296     
   61.950000000000230       -22.987964144980818     
   62.020000000000231       -23.084603963039076     
   62.090000000000231       -23.192619191215172     
   62.160000000000231       -23.314351118512423     
   62.230000000000231       -23.453068624187040     
   62.300000000000232       -23.613537597029936     
   62.370000000000232       -23.803109271013739     
   62.440000000000232       -24.034022269606627     
   62.510000000000232       -24.329018450220172     
   62.580000000000233       -24.738419597985576     
   62.650000000000233       -25.417811857473144     
   62.720000000000233       -28.291707751605724     
   62.790000000000234       -25.575290689069782     
   62.860000000000234       -24.870264852140984     
   62.930000000000234       -24.475993557046877     
   63.000000000000234       -24.206315617018156     
   63.070000000000235       -24.004812230348605     
   63.140000000000235       -23.846716724862794     
   63.210000000000235       -23.718925865873135     
   63.280000000000236       -23.613658495535788     
   63.350000000000236       -23.525911795323335     
   63.420000000000236       -23.452279227915074     
   63.490000000000236       -23.390330904538025     
   63.560000000000237       -23.338275475017621     
   63.630000000000237       -23.294752945821589     
   63.700000000000237       -23.258707995411857     
   63.770000000000238       -23.229304051536531     
   63.840000000000238       -23.205866245611652     
   63.910000000000238       -23.187848760744167     
   63.980000000000238       -23.174799991310714     
   64.050000000000239       -23.166346916338927     
   64.120000000000232       -23.162181377897003     
   64.190000000000225       -23.162043969995068     
   64.260000000000218       -23.165722319065701     
   64.330000000000211       -23.173040106311095     
   64.400000000000205       -23.183855496423753     
   64.470000000000198       -23.198057202138873     
   64.540000000000191       -23.215561748389128     
   64.610000000000184       -23.236313134104439     
   64.680000000000177       -23.260279413738370     
   64.750000000000171       -23.287455563622061     
   64.820000000000164       -23.317861783032846     
   64.890000000000157       -23.351546912329528     
   64.960000000000150       -23.388586907468998     
   65.030000000000143       -23.429091878310434     
   65.100000000000136       -23.473205026857539     
   65.170000000000130       -23.521110797050380     
   65.240000000000123       -23.573041922106405     
   65.310000000000116       -23.629284875604132     
   65.380000000000109       -23.690195756673923     
   65.450000000000102       -23.756208151371258     
   65.520000000000095       -23.827863113073764     
   65.590000000000089       -23.905835494694674     
   65.660000000000082       -23.990967964922856     
   65.730000000000075       -24.084341626438501     
   65.800000000000068       -24.187354555212416     
   65.870000000000061       -24.301860783863123     
   65.940000000000055       -24.430394020763394     
   66.010000000000048       -24.576525819620972     
   66.080000000000041       -24.745543747444945     
   66.150000000000034       -24.945728349238429     
   66.220000000000027       -25.191214322467324     
   66.290000000000020       -25.509173354057346     
   66.360000000000014       -25.963548015203752     
   66.430000000000007       -26.782429806826404     
   66.500000000000000       -28.262097429881816     
   66.569999999999993       -26.437797239886478     
   66.639999999999986       -25.847188434169038     
   66.709999999999980       -25.492264483778246     
   66.779999999999973       -25.242354807453744     
   66.849999999999966       -25.052631347453438     
   66.919999999999959       -24.902295355586919     
   66.989999999999952       -24.779997302112296     
   67.059999999999945       -24.678865469160812     
   67.129999999999939       -24.594432126758345     
   67.199999999999932       -24.523630669348300     
   67.269999999999925       -24.464274440845347     
   67.339999999999918       -24.414748736669086     
   67.409999999999911       -24.373835826869207     
   67.479999999999905       -24.340596061932878     
   67.549999999999898       -24.314293075942953     
   67.619999999999891       -24.294341695428052     
   67.689999999999884       -24.280273726869751     
   67.759999999999877       -24.271712530122507     
   67.829999999999870       -24.268354044341049     
   67.899999999999864       -24.269952421092736     
   67.969999999999857       -24.276314414095644     
   68.039999999999850       -24.287289709743259     
   68.109999999999843       -24.302767990247141     
   68.179999999999836       -24.322669584650850     
   68.249999999999829       -24.346957417587870     
   68.319999999999823       -24.375619132027303     
   68.389999999999816       -24.408682872685649     
   68.459999999999809       -24.446214456002249     
   68.529999999999802       -24.488315195515320     
   68.599999999999795       -24.535142654745467     
   68.669999999999789       -24.586896240060337     
   68.739999999999782       -24.643835034003583     
   68.809999999999775       -24.706314213860971     
   68.879999999999768       -24.774763195603690     
   68.949999999999761       -24.849749316354536     
   69.019999999999754       -24.931989379994519     
   69.089999999999748       -25.022404729074157     
   69.159999999999741       -25.122212417597506     
   69.229999999999734       -25.233016762624157     
   69.299999999999727       -25.357029425574744     
   69.369999999999720       -25.497338739921098     
   69.439999999999714       -25.658449815961603     
   69.509999999999707       -25.847328326265828     
   69.579999999999700       -26.075432022014461     
   69.649999999999693       -26.363903314234573     
   69.719999999999686       -26.758391090623714     
   69.789999999999679       -27.393241353914696     
   69.859999999999673       -29.352190186500128     
   69.929999999999666       -27.766622754184723     
   69.999999999999659       -26.996832446972331     
