   5.0000000000000003E-002   85.504261869197478        85.508359080408496     
  0.10000000000000001        180.73495166402947        180.74718196780600     
  0.15000000000000002        275.98405956722871        276.00831633960684     
  0.20000000000000001        371.25959227860125        371.29954703394208     
  0.25000000000000000        466.56933269485125        466.62835874227881     
  0.29999999999999999        561.92076104693660        562.00186131805617     
  0.34999999999999998        657.32097864612263        657.42671880198645     
  0.39999999999999997        752.77663501018276        752.90908287015827     
  0.44999999999999996        848.29385911238035        848.45453136817241     
  0.49999999999999994        943.87819545962975        944.06801254508548     
  0.54999999999999993        1039.5345456628456        1039.7537955453613     
  0.59999999999999998        1135.2671161122964        1135.5154276558478     
  0.65000000000000002        1231.0793723141901        1231.3556987385534     
  0.70000000000000007        1326.9740003822099        1327.2766132093127     
  0.75000000000000011        1422.9528761098372        1423.2793698479625     
  0.80000000000000016        1519.0170419766348        1519.3643496481031     
  0.85000000000000020        1615.1666923648836        1615.5311118346453     
  0.90000000000000024        1711.4011671827870        1711.7783980959152     
  0.95000000000000029        1807.7189540076179        1808.1041449949205     
   1.0000000000000002        1904.1176987775116        1904.5055044422825     
   1.0500000000000003        2000.5942249749139        2000.9788720321649     
   1.1000000000000003        2097.1445611588542        2097.5199229630907     
   1.1500000000000004        2193.7639766180960        2194.1236551886896     
   1.2000000000000004        2290.4470248337257        2290.7844393699447     
   1.2500000000000004        2387.1875943587270        2387.4960751312101     
   1.3000000000000005        2483.9789666444753        2484.2518530578805     
   1.3500000000000005        2580.8138802706699        2581.0446218148263     
   1.4000000000000006        2677.6846009668575        2677.8668597121923     
   1.4500000000000006        2774.5829967511504        2774.7107499994713     
   1.5000000000000007        2871.5006174557116        2871.5682591304276     
   1.5500000000000007        2968.4287778597322        2968.4312172108780     
   1.6000000000000008        3065.3586436095447        3065.2913998188628     
   1.6500000000000008        3162.2813190726765        3162.1406103726413     
   1.7000000000000008        3259.1879362484897        3258.9707622163542     
   1.7500000000000009        3356.0697438428419        3355.7739595961812     
   1.8000000000000009        3452.9181956081916        3452.5425767113443     
   1.8500000000000010        3549.7250370538409        3549.2693340442465     
   1.9000000000000010        3646.4823896435660        3645.9473712021359     
   1.9500000000000011        3743.1828316196170        3742.5703155386709     
   2.0000000000000009        3839.8194746227909        3839.1323458671877     
   2.0500000000000007        3936.3860353176460        3935.6282506278731     
   2.1000000000000005        4032.8769012795542        4032.0534799278780     
   2.1500000000000004        4129.2871904556805        4128.4041909360094     
   2.2000000000000002        4225.6128035745187        4224.6772861813679     
   2.2500000000000000        4321.8504689477077        4320.8704443774041     
   2.2999999999999998        4417.9977791826987        4416.9821434685919     
   2.3499999999999996        4514.0532194047300        4513.0116756754405     
   2.3999999999999995        4610.0161866706076        4608.9591543941233     
   2.4499999999999993        4705.8870003441643        4704.8255128886931     
   2.4999999999999991        4801.6669032930522        4800.6124947959142     
   2.5499999999999989        4897.3580538578162        4896.3226365443124     
   2.5999999999999988        4992.9635086360840        4991.9592418693419     
   2.6499999999999986        5088.4871962162970        5087.5263486847871     
   2.6999999999999984        5183.9338820857447        5183.0286886459307     
   2.7499999999999982        5279.3091250259495        5278.4716398119108     
   2.7999999999999980        5374.6192253937543        5373.8611728823516     
   2.8499999999999979        5469.8711657680378        5469.2037915462224     
   2.8999999999999977        5565.0725445190146        5564.5064675383110     
   2.9499999999999975        5660.2315029288502        5659.7765710502417     
   2.9999999999999973        5755.3566465581907        5755.0217971881148     
   3.0499999999999972        5850.4569616124936        5850.2500892071957     
   3.0999999999999970        5945.5417271142815        5945.4695592853586     
   3.1499999999999968        6040.6204237320462        6040.6884076208098     
   3.1999999999999966        6135.7026401531357        6135.9148406558979     
   3.2499999999999964        6230.7979779161851        6231.1569892372981     
   3.2999999999999963        6325.9159556381992        6326.4228275235600     
   3.3499999999999961        6421.0659135820642        6421.7200934438551     
   3.3999999999999959        6516.2569195119167        6517.0562114968379     
   3.4499999999999957        6611.4976767763101        6612.4382186559860     
   3.4999999999999956        6706.7964355425838        6707.8726941177547     
   3.5499999999999954        6802.1609080802536        6803.3656935916761     
   3.5999999999999952        6897.5981889568229        6898.9226887874602     
   3.6499999999999950        6993.1146809663778        6994.5485127035863     
   3.6999999999999948        7088.7160275599872        7090.2473112652915     
   3.7499999999999947        7184.4070524877170        7186.0225017977427     
   3.7999999999999945        7280.1917072953856        7281.8767387531298     
   3.8499999999999943        7376.0730272456804        7377.8118870390017     
   3.8999999999999941        7472.0530961534714        7473.8290032201339     
   3.9499999999999940        7568.1330205398363        7569.9283247881876     
   3.9999999999999938        7664.3129134192041        7666.1092676132221     
   4.0499999999999936        7760.5918879399696        7762.3704316095209     
   4.0999999999999934        7856.9680610018149        7858.7096145659507     
   4.1499999999999932        7953.4385668737114        7955.1238340090968     
   4.1999999999999931        8049.9995807361875        8051.6093568864726     
   4.2499999999999929        8146.6463519709123        8148.1617367780682     
   4.2999999999999927        8243.3732469210081        8244.7758582681672     
   4.3499999999999925        8340.1738007478107        8341.4459880365903     
   4.3999999999999924        8437.0407779151083        8438.1658321599880     
   4.4499999999999922        8533.9662407412088        8534.9285990504031     
   4.4999999999999920        8630.9416253735253        8631.7270674005540     
   4.5499999999999918        8727.9578244607364        8728.5536584539477     
   4.5999999999999917        8825.0052757248250        8825.4005118735149     
   4.6499999999999915        8922.0740555703014        8922.2595644454050     
   4.6999999999999913        9019.1539768114562        9019.1226308254409     
   4.7499999999999911        9116.2346895512437        9115.9814855147088     
   4.7999999999999909        9213.3057842078852        9212.8279452380975     
   4.8499999999999908        9310.3568956581003        9309.6539508955502     
   4.8999999999999906        9407.3778074492548        9406.4516482602558     
   4.9499999999999904        9504.3585550269490        9503.2134666110087     
   4.9999999999999902        9601.2895269297842        9599.9321945073516     
   5.0499999999999901        9698.1615629191783        9696.6010519456268     
   5.0999999999999899        9794.9660480390503        9793.2137581713705     
   5.1499999999999897        9891.6950016376195        9889.7645944681717     
   5.1999999999999895        9988.3411604312205        9986.2484612946682     
   5.2499999999999893        10084.898054747198        10082.660929199275     
   5.2999999999999892        10181.360077149255        10178.998283005743     
   5.3499999999999890        10277.722542723131        10275.257558831230     
   5.3999999999999888        10373.981740382622        10371.436573571351     
   5.4499999999999886        10470.134974644599        10467.533946562922     
   5.4999999999999885        10566.180597416142        10563.549113214109     
   5.5499999999999883        10662.118029436000        10659.482330472418     
   5.5999999999999881        10757.947771115405        10755.334674082887     
   5.6499999999999879        10853.671402628668        10851.108027670769     
   5.6999999999999877        10949.291573210985        10946.805063764479     
   5.7499999999999876        11044.811979728314        11042.429216954530     
   5.7999999999999874        11140.237334691064        11137.984649461963     
   5.8499999999999872        11235.573323988569        11233.476209464665     
   5.8999999999999870        11330.826554723923        11328.909382601096     
   5.9499999999999869        11426.004493627710        11424.290237137904     
   5.9999999999999867        11521.115396623591        11519.625363349780     
   6.0499999999999865        11616.168230207688        11614.921807716410     
   6.0999999999999863        11711.172585386415        11710.187002591802     
   6.1499999999999861        11806.138584993148        11805.428692045269     
   6.1999999999999860        11901.076785272058        11900.654854610479     
   6.2499999999999858        11995.998072677165        11995.873623708969     
   6.2999999999999856        12090.913556885376        12091.093206537069     
   6.3499999999999854        12185.834461063734        12186.321802220064     
   6.3999999999999853        12280.772010462697        12281.567520044571     
   6.4499999999999851        12375.737320428907        12376.838298579452     
   6.4999999999999849        12470.741284942082        12472.141826487026     
   6.5499999999999847        12565.794466781488        12567.485465810123     
   6.5999999999999845        12660.906990417636        12662.876178496610     
   6.6499999999999844        12756.088438704513        12758.320456891754     
   6.6999999999999842        12851.347754416927        12853.824258890325     
   6.7499999999999840        12946.693147636450        12949.392948395125     
   6.7999999999999838        13042.132009938487        13045.031241676963     
   6.8499999999999837        13137.670836272320        13140.743160173512     
   6.8999999999999835        13233.315155356178        13236.531990201471     
   6.9499999999999833        13329.069469330965        13332.400249988581     
   6.9999999999999831        13424.937203329853        13428.349664359954     
   7.0499999999999829        13520.920665527276        13524.381147337555     
   7.0999999999999828        13617.021018130716        13620.494792833251     
   7.1499999999999826        13713.238259672980        13716.689873535282     
   7.1999999999999824        13809.571218852350        13812.964848006286     
   7.2499999999999822        13906.017560054144        13909.317375928724     
   7.2999999999999821        14002.573800570875        14005.744341351725     
   7.3499999999999819        14099.235339420538        14102.241883712673     
   7.3999999999999817        14195.996497544813        14198.805436328239     
   7.4499999999999815        14292.850569052249        14295.429771973804     
   7.4999999999999813        14389.789883057181        14392.109055098139     
   7.5499999999999812        14486.805875554339        14488.836900152488     
   7.5999999999999810        14583.889170663104        14585.606435450758     
   7.6499999999999808        14681.029670475429        14682.410371920821     
   7.6999999999999806        14778.216652648489        14779.241076056769     
   7.7499999999999805        14875.438874798530        14876.090646338782     
   7.7999999999999803        14972.684684676951        14972.950992351593     
   7.8499999999999801        15069.942135044301        15069.813915804780     
   7.8999999999999799        15167.199102103559        15166.671192638523     
   7.9499999999999797        15264.443406311249        15263.514655387340     
   7.9999999999999796        15361.662934354375        15360.336274971705     
   8.0499999999999794        15458.845761063112        15457.128241093447     
   8.0999999999999801        15555.980270023989        15553.883040425293     
   8.1499999999999808        15653.055271666068        15650.593531807750     
   8.1999999999999815        15750.060117613215        15747.253017697409     
   8.2499999999999822        15846.984810128944        15843.855311149406     
   8.2999999999999829        15943.820105526001        15940.394797662675     
   8.3499999999999837        16040.557610470391        16036.866491269360     
   8.3999999999999844        16137.189870178399        16133.266084308660     
   8.4499999999999851        16233.710447584413        16229.589990389875     
   8.4999999999999858        16330.113992646257        16325.835380118755     
   8.5499999999999865        16426.396301052322        16422.000209234688     
   8.5999999999999872        16522.554361699931        16518.083238883119     
   8.6499999999999879        16618.586392425983        16614.084047826851     
   8.6999999999999886        16714.491863587798        16710.003036480975     
   8.7499999999999893        16810.271509213115        16805.841422738049     
   8.7999999999999901        16905.927325561846        16901.601229632197     
   8.8499999999999908        17001.462557067618        16997.285264971924     
   8.8999999999999915        17096.881669752591        17092.897093151165     
   8.9499999999999922        17192.190312333831        17188.440999425406     
   8.9999999999999929        17287.395265361843        17283.921947013936     
   9.0499999999999936        17382.504378851139        17379.345527459835     
   9.0999999999999943        17477.526498977302        17474.717904745288     
   9.1499999999999950        17572.471384524266        17570.045753720937     
   9.1999999999999957        17667.349613868078        17665.336193463310     
   9.2499999999999964        17762.172483378727        17760.596716223827     
   9.2999999999999972        17856.951898208397        17855.835112675599     
   9.3499999999999979        17951.700256512446        17951.059394200256     
   9.3999999999999986        18046.430328217361        18046.277712985637     
   9.4499999999999993        18141.155129507690        18141.498280726446     
   9.5000000000000000        18235.887794250630        18236.729286733545     
   9.5500000000000007        18330.641443612407        18331.978816263279     
   9.6000000000000014        18425.429055144275        18427.254769876221     
   9.6500000000000021        18520.263332627692        18522.564784624858     
   9.7000000000000028        18615.156577967820        18617.916157852091     
   9.7500000000000036        18710.120566411919        18713.315774357256     
   9.8000000000000043        18805.166426344331        18808.770037653831     
   9.8500000000000050        18900.304524872914        18904.284806003292     
   9.9000000000000057        18995.544360372922        18999.865333863232     
   9.9500000000000064        19090.894463094050        19095.516219335150     
   10.000000000000007        19186.362304864786        19191.241358138661     
   10.050000000000008        19281.954218846116        19287.043904575068     
   10.100000000000009        19377.675330194401        19382.926239874505     
   10.150000000000009        19473.529498391868        19478.889948248176     
   10.200000000000010        19569.519271893161        19574.935800890969     
   10.250000000000011        19665.645855618968        19671.063748100929     
   10.300000000000011        19761.909091703837        19767.272919601248     
   10.350000000000012        19858.307453775920        19863.561633068526     
   10.400000000000013        19954.838054912914        19959.927410788827     
   10.450000000000014        20051.496669282118        20056.367004281285     
   10.500000000000014        20148.277767334574        20152.876426648749     
   10.550000000000015        20245.174564285302        20249.450992336664     
   10.600000000000016        20342.179081474889        20346.085363906270     
   10.650000000000016        20439.282220073743        20442.773605356793     
   10.700000000000017        20536.473846460718        20539.509241464515     
   10.750000000000018        20633.742888483768        20636.285322545042     
   10.800000000000018        20731.077441693484        20733.094493989542     
   10.850000000000019        20828.464884531953        20829.929069876744     
   10.900000000000020        20925.892001360851        20926.781109920557     
   10.950000000000021        21023.345112124971        21023.642498978868     
   11.000000000000021        21120.810207371902        21120.505028322725     
   11.050000000000022        21218.273087285907        21217.360477847003     
   11.100000000000023        21315.719503345328        21314.200698393972     
   11.150000000000023        21413.135301178459        21411.017693360114     
   11.200000000000024        21510.506563173411        21507.803698764008     
   11.250000000000025        21607.819749393242        21604.551260969009     
   11.300000000000026        21705.061835358709        21701.253311278797     
   11.350000000000026        21802.220445287239        21797.903236656017     
   11.400000000000027        21899.283979418055        21894.494945854305     
   11.450000000000028        21996.241734109004        21991.022930301042     
   11.500000000000028        22093.084013460488        22087.482319122082     
   11.550000000000029        22189.802231304438        22183.868927759588     
   11.600000000000030        22286.389002491458        22280.179299699572     
   11.650000000000031        22382.838222515147        22376.410740895728     
   11.700000000000031        22479.145134628758        22472.561346550377     
   11.750000000000032        22575.306383734005        22568.630019990534     
   11.800000000000033        22671.320056453787        22664.616483456859     
   11.850000000000033        22767.185706938522        22760.521280704495     
   11.900000000000034        22862.904368098087        22856.345771396747     
   11.950000000000035        22958.478548096617        22952.092117354528     
   12.000000000000036        23053.912212094103        23047.763260805466     
   12.050000000000036        23149.210749365509        23143.362894855818     
   12.100000000000037        23244.380926073340        23238.895426485302     
   12.150000000000038        23339.430824112005        23334.365932438493     
   12.200000000000038        23434.369766580567        23429.780108456231     
   12.250000000000039        23529.208230573175        23525.144212355743     
   12.300000000000040        23623.957748102537        23620.465001528199     
   12.350000000000041        23718.630796090027        23715.749665476920     
   12.400000000000041        23813.240676465412        23811.005754067603     
   12.450000000000042        23907.801387518743        23906.241102203636     
   12.500000000000043        24002.327487735860        24001.463751674222     
   12.550000000000043        24096.833953426456        24096.681870950448     
   12.600000000000044        24191.336031518946        24191.903673724275     
   12.650000000000045        24285.849088949126        24287.137336997748     
   12.700000000000045        24380.388460109050        24382.390919533973     
   12.750000000000046        24474.969293848510        24477.672281478142     
   12.800000000000047        24569.606401533634        24572.989005945554     
   12.850000000000048        24664.314107665188        24668.348323354665     
   12.900000000000048        24759.106104543083        24763.757039256740     
   12.950000000000049        24853.995312433544        24859.221466379789     
   13.000000000000050        24948.993746651216        24954.747361563681     
   13.050000000000050        25044.112392910669        25050.339868215735     
   13.100000000000051        25139.361092230552        25146.003464862391     
   13.150000000000052        25234.748436589420        25241.741920312936     
   13.200000000000053        25330.281676435796        25337.558255886506     
   13.250000000000053        25425.966641046831        25433.454715084201     
   13.300000000000054        25521.807672610950        25529.432741014702     
   13.350000000000055        25617.807574781003        25625.492961805106     
   13.400000000000055        25713.967576306783        25721.635184149454     
   13.450000000000056        25810.287310210497        25817.858395066349     
   13.500000000000057        25906.764808817210        25914.160771855062     
   13.550000000000058        26003.396514795717        26010.539700157296     
   13.600000000000058        26100.177308205552        26106.991799950247     
   13.650000000000059        26197.100549384035        26203.512959216547     
   13.700000000000060        26294.158137345483        26300.098374958980     
   13.750000000000060        26391.340583204455        26396.742601153215     
   13.800000000000061        26488.637097977859        26493.439603161303     
   13.850000000000062        26586.035693968897        26590.182818062556     
   13.900000000000063        26683.523298790606        26686.965220298080     
   13.950000000000063        26781.085880950097        26783.779391970638     
   14.000000000000064        26878.708585788037        26880.617597093777     
   14.050000000000065        26976.375880452913        26977.471859043526     
   14.100000000000065        27074.071706487775        27074.334040433096     
   14.150000000000066        27171.779638519649        27171.195924605930     
   14.200000000000067        27269.483047469657        27268.049297925969     
   14.250000000000068        27367.165266646363        27364.886032035713     
   14.300000000000068        27464.809759046264        27461.698165253132     
   14.350000000000069        27562.400284164709        27558.477982287393     
   14.400000000000070        27659.921062617679        27655.218091470822     
   14.450000000000070        27757.356936890330        27751.911498730184     
   14.500000000000071        27854.693526561543        27848.551677554013     
   14.550000000000072        27951.917376404737        27945.132634253951     
   14.600000000000072        28049.016095833289        28041.648967866404     
   14.650000000000073        28145.978488243254        28138.095924095829     
   14.700000000000074        28242.794668905713        28234.469442761809     
   14.750000000000075        28339.456170174934        28330.766198278430     
   14.800000000000075        28435.956032905131        28426.983632765277     
   14.850000000000076        28532.288883106743        28523.119981464104     
   14.900000000000077        28628.450993020990        28619.174290212995     
   14.950000000000077        28724.440325947689        28715.146424809896     
   15.000000000000078        28820.256564323896        28811.037072178748     
   15.050000000000079        28915.901120718394        28906.847733333609     
   15.100000000000080        29011.377131577505        29002.580708217854     
   15.150000000000080        29106.689433729403        29098.239072576354     
   15.200000000000081        29201.844523825410        29193.826647097459     
   15.250000000000082        29296.850501065841        29289.347959137940     
   15.300000000000082        29391.716993723505        29384.808197417053     
   15.350000000000083        29486.455070137970        29480.213160134936     
   15.400000000000084        29581.077135007214        29575.569197034882     
   15.450000000000085        29675.596811948519        29670.883145988166     
   15.500000000000085        29770.028813436511        29766.162264733499     
   15.550000000000086        29864.388799351545        29861.414158450280     
   15.600000000000087        29958.693225485662        29956.646703885242     
   15.650000000000087        30052.959183454546        30051.867970785570     
   15.700000000000088        30147.204233551991        30147.086141417592     
   15.750000000000089        30241.446232157228        30242.309428968809     
   15.800000000000090        30335.703155364652        30337.545995641762     
   15.850000000000090        30429.992920549459        30432.803871251373     
   15.900000000000091        30524.333207610944        30528.090873132584     
   15.950000000000092        30618.741281647512        30623.414528152462     
   16.000000000000092        30713.233818813667        30718.781997600781     
   16.050000000000093        30807.826737089046        30814.200005705203     
   16.100000000000094        30902.535033653206        30909.674772482129     
   16.150000000000095        30997.372630507387        31005.211951592271     
   16.200000000000095        31092.352229916094        31100.816573821317     
   16.250000000000096        31187.485181157448        31196.492996751243     
   16.300000000000097        31282.781359972461        31292.244861127318     
   16.350000000000097        31378.249061990136        31388.075054360212     
   16.400000000000098        31473.894911278603        31483.985681532497     
   16.450000000000099        31569.723785033108        31579.978044204730     
   16.500000000000099        31665.738755260729        31676.052627239162     
   16.550000000000100        31761.941048160508        31772.209093779489     
   16.600000000000101        31858.330021727448        31868.446288443796     
   16.650000000000102        31954.903161931186        31964.762248705651     
   16.700000000000102        32051.656097636747        32061.154224356276     
   16.750000000000103        32148.582634247254        32157.618704859273     
   16.800000000000104        32245.674805858856        32254.151454329745     
   16.850000000000104        32342.922945528273        32350.747553792386     
   16.900000000000105        32440.315773065267        32447.401450299225     
   16.950000000000106        32537.840499578288        32544.107012417768     
   17.000000000000107        32635.482947823250        32640.857591535307     
   17.050000000000107        32733.227687235340        32737.646088365585     
   17.100000000000108        32831.058182363624        32834.465023990713     
   17.150000000000109        32928.956953280256        32931.306614724614     
   17.200000000000109        33026.905746401841        33028.162850045032     
   17.250000000000110        33124.885714041979        33125.025572809493     
   17.300000000000111        33222.877600912499        33221.886560947190     
   17.350000000000112        33320.861935707886        33318.737609803502     
   17.400000000000112        33418.819225843952        33415.570614307238     
   17.450000000000113        33516.730153378827        33512.377650132563     
   17.500000000000114        33614.575770122370        33609.151053038098     
   17.550000000000114        33712.337689939712        33705.883495584407     
   17.600000000000115        33809.998276275473        33802.568060458310     
   17.650000000000116        33907.540822967661        33899.198309667467     
   17.700000000000117        34004.949726483195        33995.768348911057     
   17.750000000000117        34102.210647790344        34092.272886482067     
   17.800000000000118        34199.310662185446        34188.707286112702     
   17.850000000000119        34296.238395511537        34285.067613236279     
   17.900000000000119        34392.984145342940        34381.350674206238     
   17.950000000000120        34489.539985861345        34477.554048084326     
   18.000000000000121        34585.899855313233        34573.676110685417     
   18.050000000000122        34682.059625114089        34669.716050644638     
   18.100000000000122        34778.017149849671        34765.673877352805     
   18.150000000000123        34873.772297616430        34861.550420687759     
   18.200000000000124        34969.326960340150        34957.347322551250     
   18.250000000000124        35064.685043911864        35053.067020302711     
   18.300000000000125        35159.852438180940        35148.712722261778     
   18.350000000000126        35254.836967045012        35244.288375529868     
   18.400000000000126        35349.648319073262        35339.798626457050     
   18.450000000000127        35444.297959291449        35435.248774152671     
   18.500000000000128        35538.799022942250        35530.644717506628     
   18.550000000000129        35633.166192211662        35625.992896251424     
   18.600000000000129        35727.415557079250        35721.300226653613     
   18.650000000000130        35821.564461606125        35816.574032475226     
   18.700000000000131        35915.631337117993        35911.821971892023     
   18.750000000000131        36009.635523870544        36007.051961094483     
   18.800000000000132        36103.597082899680        36102.272095329696     
   18.850000000000133        36197.536599858679        36197.490568167072     
   18.900000000000134        36291.474982727857        36292.715589788044     
   18.950000000000134        36385.433255348420        36387.955305109441     
   19.000000000000135        36479.432348780989        36483.217712551821     
   19.050000000000136        36573.492892520051        36578.510584257943     
   19.100000000000136        36667.635007607743        36673.841388552639     
   19.150000000000137        36761.878103684227        36769.217215413701     
   19.200000000000138        36856.240681986928        36864.644705694300     
   19.250000000000139        36950.740146267250        36960.129984801184     
   19.300000000000139        37045.392623531057        37055.678601489686     
   19.350000000000140        37140.212796428859        37151.295472386693     
   19.400000000000141        37235.213749022987        37246.984832797061     
   19.450000000000141        37330.406827543397        37342.750194287291     
   19.500000000000142        37425.801517611209        37438.594309474051     
   19.550000000000143        37521.405339260818        37534.519144374055     
   19.600000000000144        37617.223760928442        37630.525858597284     
   19.650000000000144        37713.260133398420        37726.614793587789     
   19.700000000000145        37809.515644509796        37822.785469036440     
   19.750000000000146        37905.989295226522        37919.036587508381     
   19.800000000000146        38002.677897466419        38015.366047245880     
   19.850000000000147        38099.576093869029        38111.770963025148     
   19.900000000000148        38196.676399462543        38208.247694864534     
   19.950000000000149        38293.969264967440        38304.791884302249     
   20.000000000000149        38391.443161251576        38401.398497885079     
   20.050000000000150        38489.084684230613        38498.061877436143     
   20.100000000000151        38586.878679291447        38594.775796600785     
   20.150000000000151        38684.808384106989        38691.533523105551     
   20.200000000000152        38782.855588511055        38788.327886106621     
   20.250000000000153        38881.000809914331        38885.151347951956     
   20.300000000000153        38979.223482569047        38981.996079636112     
   20.350000000000154        39077.502158833129        39078.854039188533     
   20.400000000000155        39175.814720446389        39175.717052206150     
   20.450000000000156        39274.138597713558        39272.576893718920     
   20.500000000000156        39372.450994393163        39369.425370563251     
   20.550000000000157        39470.729116019065        39466.254403433144     
   20.600000000000158        39568.950399333422        39563.056107782191     
   20.650000000000158        39667.092740487060        39659.822872761608     
   20.700000000000159        39765.134719666094        39756.547437399684     
   20.750000000000160        39863.055819831679        39853.222963256681     
   20.800000000000161        39960.836637313500        39949.843102825420     
   20.850000000000161        40058.459082075460        40046.402062991634     
   20.900000000000162        40155.906565574012        40142.894662918909     
   20.950000000000163        40253.164174253499        40239.316385780119     
   21.000000000000163        40350.218826867851        40335.663423820166     
   21.050000000000164        40447.059413982119        40431.932716302719     
   21.100000000000165        40543.676918188183        40528.121979966047     
   21.150000000000166        40640.064513765123        40624.229731688851     
   21.200000000000166        40736.217644723103        40720.255303145648     
   21.250000000000167        40832.134080388481        40816.198847311913     
   21.300000000000168        40927.813947914205        40912.061336760882     
   21.350000000000168        41023.259741331269        41007.844553776005     
   21.400000000000169        41118.476306991477        41103.551072384558     
   21.450000000000170        41213.470805486591        41199.184232498126     
   21.500000000000171        41308.252650361734        41294.748106423751     
   21.550000000000171        41402.833424169687        41390.247458084894     
   21.600000000000172        41497.226772634865        41485.687695362903     
   21.650000000000173        41591.448277909847        41581.074816037319     
   21.700000000000173        41685.515312111092        41676.415347865746     
   21.750000000000174        41779.446872512475        41771.716283401409     
   21.800000000000175        41873.263399953743        41866.985010197590     
   21.850000000000176        41966.986582184887        41962.229237093015     
   21.900000000000176        42060.639144015040        42057.456917310366     
   21.950000000000177        42154.244626265296        42152.676169130835     
   22.000000000000178        42247.827155637176        42247.895194931290     
   22.050000000000178        42341.411207702404        42343.122199386438     
   22.100000000000179        42435.021365293360        42438.365307646396     
   22.150000000000180        42528.682074627701        42533.632484300651     
   22.200000000000180        42622.417401533516        42628.931453931546     
   22.250000000000181        42716.250790153732        42724.269624045395     
   22.300000000000182        42810.204826499095        42819.654011146296     
   22.350000000000183        42904.301009188508        42915.091170687308     
   22.400000000000183        42998.559529663449        43010.587131596192     
   22.450000000000184        43092.999064089781        43106.147336028494     
   22.500000000000185        43187.636579065686        43201.776584949817     
   22.550000000000185        43282.487153139402        43297.478990092379     
   22.600000000000186        43377.563816005131        43393.257932768473     
   22.650000000000187        43472.877407090789        43489.116029956240     
   22.700000000000188        43568.436455078248        43585.055108001587     
   22.750000000000188        43664.247079706365        43681.076184204743     
   22.800000000000189        43760.312917000760        43777.179456481987     
   22.850000000000190        43856.635068853670        43873.364301212663     
   22.900000000000190        43953.212077644006        43969.629279299996     
   22.950000000000191        44050.039926343830        44065.972150391965     
   23.000000000000192        44147.112064305438        44162.389895126566     
   23.050000000000193        44244.419458665172        44258.878745184877     
   23.100000000000193        44341.950671038641        44355.434220856478     
   23.150000000000194        44439.691958920179        44452.051175745532     
   23.200000000000195        44537.627400939709        44548.723848173278     
   23.250000000000195        44635.739044875903        44645.445918764453     
   23.300000000000196        44734.007077078466        44742.210573641838     
   23.350000000000197        44832.410011717577        44839.010572595835     
   23.400000000000198        44930.924898058169        44935.838321544856     
   23.450000000000198        45029.527543753153        45032.685948558246     
   23.500000000000199        45128.192751966169        45129.545382676828     
   23.550000000000200        45226.894569973098        45226.408434737321     
   23.600000000000200        45325.606546754549        45323.266879386334     
   23.650000000000201        45424.301996981347        45420.112537457360     
   23.700000000000202        45522.954268712267        45516.937357880546     
   23.750000000000203        45621.537012070330        45613.733498299880     
   23.800000000000203        45720.024446140596        45710.493403585868     
   23.850000000000204        45818.391621339673        45807.209881453600     
   23.900000000000205        45916.614674544850        45903.876174425903     
   23.950000000000205        46014.671074338330        46000.486027418970     
   24.000000000000206        46112.539853818853        46097.033750273040     
   24.050000000000207        46210.201828557503        46193.514274602283     
   24.100000000000207        46307.639797425443        46289.923204396582     
   24.150000000000208        46404.838724196474        46386.256859871370     
   24.200000000000209        46501.785898024522        46482.512314130727     
   24.250000000000210        46598.471071113054        46578.687422281699     
   24.300000000000210        46694.886572127099        46674.780842714419     
   24.350000000000211        46791.027394146586        46770.792050341457     
   24.400000000000212        46886.891256218449        46866.721341670898     
   24.450000000000212        46982.478637832566        46962.569831669374     
   24.500000000000213        47077.792785918711        47058.339442453289     
   24.550000000000214        47172.839694236820        47154.032883927932     
   24.600000000000215        47267.628055307025        47249.653626573992     
   24.650000000000215        47362.169185297040        47345.205866658653     
   24.700000000000216        47456.476922549722        47440.694484223153     
   24.750000000000217        47550.567500690806        47536.124994269740     
   24.800000000000217        47644.459397503269        47631.503491637493     
   24.850000000000218        47738.173160989056        47726.836590118291     
   24.900000000000219        47831.731214258572        47822.131356420323     
   24.950000000000220        47925.157641092184        47917.395239636709     
   25.000000000000220        48018.477954204231        48012.635996920420     
   25.050000000000221        48111.718848407552        48107.861616103561     
   25.100000000000222        48204.907941024125        48203.080236028647     
   25.150000000000222        48298.073502013962        48298.300065381743     
   25.200000000000223        48391.244176399385        48393.529300831768     
   25.250000000000224        48484.448701644083        48488.776045287137     
   25.300000000000225        48577.715622705582        48584.048227079787     
   25.350000000000225        48671.073007515428        48679.353520877790     
   25.400000000000226        48764.548165653010        48774.699271111087     
   25.450000000000227        48858.167372966163        48870.092418670625     
   25.500000000000227        48951.955604854746        48965.539431609614     
   25.550000000000228        49045.936280871523        49061.046240536751     
   25.600000000000229        49140.131023208705        49156.618179345751     
   25.650000000000230        49234.559431528047        49252.259931873559     
   25.700000000000230        49329.238876458265        49347.975485021816     
   25.750000000000231        49424.184313925987        49443.768088812772     
   25.800000000000232        49519.408122306413        49539.640223782837     
   25.850000000000232        49614.919964178363        49635.593576044688     
   25.900000000000233        49710.726674246369        49731.629020273038     
   25.950000000000234        49806.832174751893        49827.746610790615     
   26.000000000000234        49903.237419437901        49923.945580850333     
   26.050000000000235        49999.940366858209        50020.224350127821     
   26.100000000000236        50096.935983537558        50116.580540356168     
   26.150000000000237        50194.216277192594        50213.010998953047     
   26.200000000000237        50291.770359921051        50309.511830409596     
   26.250000000000238        50389.584540959237        50406.078435132171     
   26.300000000000239        50487.642448299739        50502.705555352266     
   26.350000000000239        50585.925178155776        50599.387327648074     
   26.400000000000240        50684.411470958985        50696.117341553829     
   26.450000000000241        50783.077912287663        50792.888703670615     
   26.500000000000242        50881.899156846092        50889.694106636183     
   26.550000000000242        50980.848173355946        50986.525902261317     
   26.600000000000243        51079.896507981801        51083.376178097540     
   26.650000000000244        51179.014563697274        51180.236836665623     
   26.700000000000244        51278.171892809631        51277.099676546997     
   26.750000000000245        51377.337499701396        51373.956474520928     
   26.800000000000246        51476.480150719821        51470.799067919732     
   26.850000000000247        51575.568688051295        51567.619436371955     
   26.900000000000247        51674.572344358618        51664.409782109935     
   26.950000000000248        51773.461054936437        51761.162608033053     
   27.000000000000249        51872.205764153427        51857.870792741138     
   27.050000000000249        51970.778722999690        51954.527661783781     
   27.100000000000250        52069.153774643419        52051.127054410419     
   27.150000000000251        52167.306625020647        52147.663385152096     
   27.200000000000252        52265.215095634994        52244.131699619073     
   27.250000000000252        52362.859355927925        52340.527723957493     
   27.300000000000253        52460.222132792063        52436.847907473108     
   27.350000000000254        52557.288895037775        52533.089457999602     
   27.400000000000254        52654.048010883249        52629.250369662739     
   27.450000000000255        52750.490876817399        52725.329442768409     
   27.500000000000256        52846.612016479870        52821.326295622166     
   27.550000000000257        52942.409148509214        52917.241368168892     
   27.600000000000257        53037.883222625896        53013.075917423193     
   27.650000000000258        53133.038423537146        53108.832004743083     
   27.700000000000259        53227.882142572591        53204.512475080686     
   27.750000000000259        53322.424917279837        53300.120928423261     
   27.800000000000260        53416.680339524253        53395.661683714949     
   27.850000000000261        53510.664932944535        53491.139735623918     
   27.900000000000261        53604.398000912268        53586.560704589669     
   27.950000000000262        53697.901446427160        53681.930780651295     
   28.000000000000263        53791.199565647912        53777.256661618048     
   28.050000000000264        53884.318817009436        53872.545486198906     
   28.100000000000264        53977.287568108914        53967.804762756772     
   28.150000000000265        54070.135822754259        54063.042294395476     
   28.200000000000266        54162.894930757706        54158.266101123292     
   28.250000000000266        54255.597283223156        54253.484339865063     
   28.300000000000267        54348.275996217875        54348.705223115838     
   28.350000000000268        54440.964585836009        54443.936937042141     
   28.400000000000269        54533.696637752597        54539.187559842379     
   28.450000000000269        54626.505474431731        54634.464981175450     
   28.500000000000270        54719.423823190547        54729.776823456414     
   28.550000000000271        54812.483488331723        54825.130365800054     
   28.600000000000271        54905.715030540363        54920.532471367631     
   28.650000000000272        54999.147456696643        55015.989518839284     
   28.700000000000273        55092.807923183267        55111.507338694370     
   28.750000000000274        55186.721455666229        55207.091154935581     
   28.800000000000274        55280.910688199292        55302.745532839428     
   28.850000000000275        55375.395624346864        55398.474333256985     
   28.900000000000276        55470.193422837336        55494.280673924564     
   28.950000000000276        55565.318210049925        55590.166898175157     
   29.000000000000277        55660.780921404046        55686.134551368552     
   29.050000000000278        55756.589173462104        55782.184365281675     
   29.100000000000279        55852.747168276081        55878.316250621749     
   29.150000000000279        55949.255631207678        55974.529297744099     
   29.200000000000280        56046.111783132648        56070.821785574248     
   29.250000000000281        56143.309347605711        56167.191198652021     
   29.300000000000281        56240.838593215645        56263.634252133430     
   29.350000000000282        56338.686411004142        56360.146924505993     
   29.400000000000283        56436.836426460679        56456.724497695039     
   29.450000000000284        56535.269145242768        56553.361604163510     
   29.500000000000284        56633.962131410546        56650.052280536634     
   29.550000000000285        56732.890216611326        56746.790027216230     
   29.600000000000286        56832.025738307690        56843.567873388194     
   29.650000000000286        56931.338804816398        56940.378446771392     
   29.700000000000287        57030.797584619308        57037.214047407542     
   29.750000000000288        57130.368617125838        57134.066724750199     
   29.800000000000288        57230.017141813129        57230.928357276825     
   29.850000000000289        57329.707442449020        57327.790733822229     
   29.900000000000290        57429.403202917027        57424.645635813678     
   29.950000000000291        57529.067871015053        57521.484919578950     
   30.000000000000291        57628.665026492468        57618.300597897782     
   30.050000000000292        57728.158749525341        57715.084919975132     
   30.100000000000293        57827.513985808087        57811.830449030946     
   30.150000000000293        57926.696904461816        57908.530136725909     
   30.200000000000294        58025.675245025290        58005.177393675120     
   30.250000000000295        58124.418649902480        58101.766155342077     
   30.300000000000296        58222.898978789744        58198.290942652835     
   30.350000000000296        58321.090601793665        58294.746916724260     
   30.400000000000297        58418.970668174712        58391.129927160575     
   30.450000000000298        58516.519347909059        58487.436553438063     
   30.500000000000298        58613.720043547670        58583.664138967993     
   30.550000000000299        58710.559570163983        58679.810817502243     
   30.600000000000300        58807.028301515384        58775.875531623453     
   30.650000000000301        58903.120280894604        58871.858043141314     
   30.700000000000301        58998.833295511184        58967.758935297905     
   30.750000000000302        59094.168913615431        59063.579606767096     
   30.800000000000303        59189.132483954112        59159.322257514774     
   30.850000000000303        59283.733097523946        59254.989866667631     
   30.900000000000304        59377.983511962266        59350.586162617561     
   30.950000000000305        59471.900039279950        59446.115585665240     
   31.000000000000306        59565.502397996970        59541.583243580062     
   31.050000000000306        59658.813531082342        59636.994860523191     
   31.100000000000307        59751.859391425249        59732.356719845317     
   31.150000000000308        59844.668696870183        59827.675601330680     
   31.200000000000308        59937.272657134199        59922.958713513042     
   31.250000000000309        60029.704675186738        60018.213621737086     
   31.300000000000310        60122.000025910595        60113.448172680211     
   31.350000000000311        60214.195515075073        60208.670416083864     
   31.400000000000311        60306.329121838215        60303.888524470713     
   31.450000000000312        60398.439628153043        60399.110711643436     
   31.500000000000313        60490.566238582534        60494.345150772715     
   31.550000000000313        60582.748194128508        60589.599892886130     
   31.600000000000314        60675.024383750548        60684.882786565737     
   31.650000000000315        60767.432957291669        60780.201399650643     
   31.700000000000315        60860.010943537258        60875.562943721488     
   31.750000000000316        60952.793877112774        60970.974202116871     
   31.800000000000317        61045.815437872901        61066.441462197698     
   31.850000000000318        61139.107106350624        61161.970452534115     
   31.900000000000318        61232.697838718530        61257.566285641966     
   31.950000000000319        61326.613764566675        61353.233406841551     
   32.000000000000320        61420.877910621704        61448.975549751704     
   32.050000000000317        61515.509953321060        61544.795698867158     
   32.100000000000314        61610.526002914630        61640.696059597598     
   32.150000000000311        61705.938421495004        61736.678036073150     
   32.200000000000308        61801.755677058129        61832.742216944265     
   32.250000000000306        61897.982235369906        61928.888369324581     
   32.300000000000303        61994.618491063811        62025.115440944297     
   32.350000000000300        62091.660739021921        62121.421570499406     
   32.400000000000297        62189.101186700304        62217.804106100055     
   32.450000000000294        62286.928007652699        62314.259631639798     
   32.500000000000291        62385.125436088041        62410.784000827458     
   32.550000000000288        62483.673901871654        62507.372378545864     
   32.600000000000286        62582.550204951789        62604.019289127238     
   32.650000000000283        62681.727727767597        62700.718671064591     
   32.700000000000280        62781.176683776823        62797.463937612825     
   32.750000000000277        62880.864399836821        62894.248042672953     
   32.800000000000274        62980.755629786479        62991.063551298677     
   32.850000000000271        63080.812896214709        63087.902714117154     
   32.900000000000269        63180.996857068378        63184.757544915505     
   32.950000000000266        63281.266693453887        63281.619900612022     
   33.000000000000263        63381.580514726957        63378.481562806570     
   33.050000000000260        63481.895776747879        63475.334320088303     
   33.100000000000257        63582.169709008682        63572.170050271256     
   33.150000000000254        63682.359746216796        63668.980801728947     
   33.200000000000252        63782.423959848740        63765.758873008723     
   33.250000000000249        63882.321485168715        63862.496889924259     
   33.300000000000246        63982.012939240762        63959.187879350757     
   33.350000000000243        64081.460825549148        64055.825338981362     
   33.400000000000240        64180.629920978470        64152.403302344952     
   33.450000000000237        64279.487641090549        64248.916398434121     
   33.500000000000234        64378.004379866863        64345.359905347417     
   33.550000000000232        64476.153820359403        64441.729797411128     
   33.600000000000229        64573.913213005479        64538.022785312409     
   33.650000000000226        64671.263618708588        64634.236348846578     
   33.700000000000223        64768.190114163255        64730.368761956364     
   33.750000000000220        64864.681957301371        64826.419109818664     
   33.800000000000217        64960.732711155862        64922.387297814625     
   33.850000000000215        65056.340324869263        65018.274052300250     
   33.900000000000212        65151.507171014426        65114.080913176811     
   33.950000000000209        65246.240038837343        65209.810218342085     
   34.000000000000206        65340.550083472961        65305.465080184258     
   34.050000000000203        65434.452731619291        65401.049354358889     
   34.100000000000200        65527.967544578947        65496.567601165872     
   34.150000000000198        65621.118039986861        65592.025039915839     
   34.200000000000195        65713.931473934659        65687.427496744494     
   34.250000000000192        65806.438585573240        65782.781346397431     
   34.300000000000189        65898.673306623328        65878.093448566651     
   34.350000000000186        65990.672438546258        65973.371079413540     
   34.400000000000183        66082.475300422753        66068.621858959305     
   34.450000000000180        66174.123350854919        66163.853675064398     
   34.500000000000178        66265.659787443539        66259.074604751440     
   34.550000000000175        66357.129127599866        66354.292833651707     
   34.600000000000172        66448.576774625937        66449.516574373731     
   34.650000000000169        66540.048573140637        66544.753984602838     
   34.700000000000166        66631.590358038928        66640.013085743165     
   34.750000000000163        66723.247501248610        66735.301682908554     
   34.800000000000161        66815.064460592141        66830.627287055759     
   34.850000000000158        66907.084335069754        66925.997040032729     
   34.900000000000155        66999.348430854268        67021.417643286593     
   34.950000000000152        67091.895842226499        67116.895290940578     
   35.000000000000149        67184.763051583228        67212.435607906649     
   35.050000000000146        67277.983552516424        67308.043593651833     
   35.100000000000144        67371.587499793037        67403.723572180897     
   35.150000000000141        67465.601389858828        67499.479148737431     
   35.200000000000138        67560.047775247353        67595.313173659524     
   35.250000000000135        67654.945015997553        67691.227713755652     
   35.300000000000132        67750.307070870578        67787.224031492558     
   35.350000000000129        67846.143330809762        67883.302572209199     
   35.400000000000126        67942.458496709427        67979.462959491386     
   35.450000000000124        68039.252503149968        68075.703998760262     
   35.500000000000121        68136.520489321643        68172.023689045731     
   35.550000000000118        68234.252817901186        68268.419242833639     
   35.600000000000115        68332.435142167611        68364.887113794466     
   35.650000000000112        68431.048521151009        68461.423032121529     
   35.700000000000109        68530.069582105963        68558.022047129605     
   35.750000000000107        68629.470729095454        68654.678576691207     
   35.800000000000104        68729.220395967030        68751.386463018032     
   35.850000000000101        68829.283341507980        68848.139034230320     
   35.900000000000098        68929.620984086185        68944.929171097654     
   35.950000000000095        69030.191772625403        69041.749378281558     
   36.000000000000092        69130.951590334342        69138.591859364315     
   36.050000000000090        69231.854187214645        69235.448594909147     
   36.100000000000087        69332.851637019878        69332.311422765939     
   36.150000000000084        69433.894814031606        69429.172119813476     
   36.200000000000081        69534.933884764105        69526.022484314512     
   36.250000000000078        69635.918809511306        69622.854418053481     
   36.300000000000075        69736.799848510535        69719.660007429309     
   36.350000000000072        69837.528067420921        69816.431602686338     
   36.400000000000070        69938.055836800282        69913.161894485864     
   36.450000000000067        70038.337320314269        70009.843987048123     
   36.500000000000064        70138.328946524009        70106.471467130119     
   36.550000000000061        70237.989859271984        70203.038468147293     
   36.600000000000058        70337.282341917526        70299.539728797114     
   36.650000000000055        70436.172210959659        70395.970645599024     
   36.700000000000053        70534.629174921007        70492.327318827112     
   36.750000000000050        70632.627154747723        70588.606591379590     
   36.800000000000047        70730.144562400179        70684.806080200578     
   36.850000000000044        70827.164534762094        70780.924199945497     
   36.900000000000041        70923.675120475178        70876.960178659443     
   36.950000000000038        71019.669417805213        70972.914065318546     
   37.000000000000036        71115.145662157985        71068.786729165804     
   37.050000000000033        71210.107262382779        71164.579850854949     
   37.100000000000030        71304.562785521237        71260.295905497740     
   37.150000000000027        71398.525890174307        71355.938137790203     
   37.200000000000024        71492.015209165256        71451.510529471925     
   37.250000000000021        71585.054182666281        71547.017759448237     
   37.300000000000018        71677.670843427317        71642.465156977138     
   37.350000000000016        71769.897556193260        71737.858648390873     
   37.400000000000013        71861.770713817998        71833.204697885478     
   37.450000000000010        71953.330392977179        71928.510242969307     
   37.500000000000007        72044.619972744476        72023.782625213702     
   37.550000000000004        72135.685719627159        72119.029516994531     
   37.600000000000001        72226.576342954286        72214.258844952376     
   37.649999999999999        72317.342524773820        72309.478710930736     
   37.699999999999996        72408.036428643522        72404.697311176293     
   37.749999999999993        72498.711191892682        72499.922854602017     
   37.799999999999990        72589.420406088568        72595.163480923031     
   37.849999999999987        72680.217590561500        72690.427179476377     
   37.899999999999984        72771.155663925660        72785.721709529476     
   37.949999999999982        72862.286418578457        72881.054522867518     
   37.999999999999979        72953.660003169090        72976.432689428373     
   38.049999999999976        73045.324417996191        73071.862826723707     
   38.099999999999973        73137.325028224092        73167.351033748884     
   38.149999999999970        73229.704099697192        73262.902830040184     
   38.199999999999967        73322.500361980914        73358.523100488150     
   38.249999999999964        73415.748603065425        73454.216046459551     
   38.299999999999962        73509.479299934057        73549.985143718819     
   38.349999999999959        73603.718288922479        73645.833107573111     
   38.399999999999956        73698.486479476327        73741.761865594031     
   38.449999999999953        73793.799614555930        73837.772538194418     
   38.499999999999950        73889.668080536809        73933.865427260447     
   38.549999999999947        73986.096769016905        74030.040012959682     
   38.599999999999945        74083.084992466596        74126.294958763785     
   38.649999999999942        74180.626455150516        74222.628124642724     
   38.699999999999939        74278.709280213210        74319.036588304923     
   38.749999999999936        74377.316093259549        74415.516674277125     
   38.799999999999933        74476.424162180352        74512.063990538169     
   38.849999999999930        74576.005592380476        74608.673472344672     
   38.899999999999928        74676.027575967353        74705.339432813140     
   38.949999999999925        74776.452692859821        74802.055619754436     
   38.999999999999922        74877.239261188806        74898.815278192575     
   39.049999999999919        74978.341733790148        74995.611217941609     
   39.099999999999916        75079.711137044767        75092.435885562489     
   39.149999999999913        75181.295547810281        75189.281439976752     
   39.199999999999910        75283.040603719841        75286.139830976463     
   39.249999999999908        75384.890041704726        75383.002879839711     
   39.299999999999905        75486.786259235872        75479.862361239546     
   39.349999999999902        75588.670892480528        75576.710085621002     
   39.399999999999899        75690.485405340180        75673.537981215719     
   39.449999999999896        75792.171683177745        75770.338174867939     
   39.499999999999893        75893.672624959712        75867.103070857673     
   39.549999999999891        75994.932727533087        75963.825426927768     
   39.599999999999888        76095.898655828278        76060.498426750259     
   39.649999999999885        76196.519792926279        76157.115748104436     
   39.699999999999882        76296.748764148928        76253.671626082782     
   39.749999999999879        76396.541929621075        76350.160910692357     
   39.799999999999876        76495.859840108271        76446.579118276364     
   39.849999999999874        76594.667651347088        76542.922476243883     
   39.899999999999871        76692.935492550678        76639.187960663825     
   39.949999999999868        76790.638785282397        76735.373326351910     
   39.999999999999865        76887.758509437394        76831.477129155071     
   40.049999999999862        76984.281413647477        76927.498740216935     
   40.099999999999859        77080.200168021023        77023.438352088313     
   40.149999999999856        77175.513457737819        77119.296976628684     
   40.199999999999854        77270.226016632456        77215.076434726478     
   40.249999999999851        77364.348600509955        77310.779337947693     
   40.299999999999848        77457.897900538723        77406.409062302308     
   40.349999999999845        77550.896397651333        77501.969714395964     
   40.399999999999842        77643.372159448336        77597.466090309681     
   40.449999999999839        77735.358581639375        77692.903627621548     
   40.499999999999837        77826.894076565499        77788.288351051931     
   40.549999999999834        77918.021711823865        77883.626812275761     
   40.599999999999831        78008.788802458119        77978.926024502711     
   40.649999999999828        78099.246460583236        78074.193392476591     
   40.699999999999825        78189.449106681030        78169.436638590283     
   40.749999999999822        78279.453947131187        78264.663725849736     
   40.799999999999820        78369.320422831835        78359.882778451531     
   40.849999999999817        78459.109634013250        78455.102000761355     
   40.899999999999814        78548.883746558189        78550.329595496340     
   40.949999999999811        78638.705385312380        78645.573681921946     
   40.999999999999808        78728.637019998248        78740.842214874196     
   41.049999999999805        78818.740349434855        78836.142905409710     
   41.099999999999802        78909.075689815494        78931.483143870879     
   41.149999999999800        78999.701372801544        79026.869926129817     
   41.199999999999797        79090.673159156286        79122.309783744204     
   41.249999999999794        79182.043673563574        79217.808718720204     
   41.299999999999791        79273.861866153573        79313.372143532863     
   41.349999999999788        79366.172506088755        79409.004827003417     
   41.399999999999785        79459.015712347900        79504.710846575443     
   41.449999999999783        79552.426526582087        79600.493547469639     
   41.499999999999780        79646.434532604355        79696.355509129076     
   41.549999999999777        79741.063526713027        79792.298519295262     
   41.599999999999774        79836.331242638087        79888.323555979878     
   41.649999999999771        79932.249134440863        79984.430777518821     
   41.699999999999768        80028.822220191316        80080.619520814798     
   41.749999999999766        80126.048988696857        80176.888307792964     
   41.799999999999763        80223.921370964876        80273.234860012060     
   41.849999999999760        80322.424777452732        80369.656121291249     
   41.899999999999757        80421.538201499119        80466.148288132361     
   41.949999999999754        80521.234388645680        80562.706847638343     
   41.999999999999751        80621.480070855483        80659.326622552544     
   42.049999999999748        80722.236263923187        80756.001822971302     
   42.099999999999746        80823.458625660205        80852.726104214118     
   42.149999999999743        80925.097871736289        80949.492630272740     
   42.199999999999740        81027.100245377034        81046.294142203449     
   42.249999999999737        81129.408036465698        81143.123030776027     
   42.299999999999734        81231.960144987126        81239.971412649189     
   42.349999999999731        81334.692683192348        81336.831209306038     
   42.399999999999729        81437.539610363820        81433.694227954547     
   42.449999999999726        81540.433393632222        81530.552243578073     
   42.499999999999723        81643.305687943779        81627.397081308853     
   42.549999999999720        81746.088028009137        81724.220698294361     
   42.599999999999717        81848.712524885297        81821.015264231595     
   42.649999999999714        81951.112559755042        81917.773239758317     
   42.699999999999712        82053.223467474862        82014.487451912224     
   42.749999999999709        82154.983202562944        82111.151165899471     
   42.799999999999706        82256.332980491163        82207.758152452079     
   42.849999999999703        82357.217887425926        82304.302750098868     
   42.899999999999700        82457.587451927131        82400.779921727008     
   42.949999999999697        82557.396172555586        82497.185304869636     
   42.999999999999694        82656.603995849597        82593.515255218968     
   43.049999999999692        82755.176739701987        82689.766882933574     
   43.099999999999689        82853.086457790167        82785.938081381348     
   43.149999999999686        82950.311741374113        82882.027548036436     
   43.199999999999683        83046.837955469819        82978.034797327608     
   43.249999999999680        83142.657407118488        83073.960165316239     
   43.299999999999677        83237.769444195190        83169.804806164306     
   43.349999999999675        83332.180483924778        83265.570680434408     
   43.399999999999672        83425.903970988831        83361.260535345558     
   43.449999999999669        83518.960265807837        83456.877877187871     
   43.499999999999666        83611.376464260000        83552.426936177144     
   43.549999999999663        83703.186150746609        83647.912624104676     
   43.599999999999660        83794.429087128214        83743.340485208537     
   43.649999999999658        83885.150840632719        83838.716640758910     
   43.699999999999655        83975.402354372432        83934.047727911602     
   43.749999999999652        84065.239464599683        84029.340833439594     
   43.799999999999649        84154.722369280062        84124.603423002583     
   43.849999999999646        84243.915052965676        84219.843266657583     
   43.899999999999643        84332.884673310211        84315.068361350204     
   43.949999999999640        84421.700914881716        84410.286851155557     
   43.999999999999638        84510.435316198753        84505.506946059439     
   44.049999999999635        84599.160576141789        84600.736840084646     
   44.099999999999632        84687.949846074043        84695.984629573810     
   44.149999999999629        84776.876014145353        84791.258232438369     
   44.199999999999626        84866.010988348600        84886.565309174417     
   44.249999999999623        84955.424984950179        84981.913186428850     
   44.299999999999621        85045.185828924048        85077.308783874847     
   44.349999999999618        85135.358272980535        85172.758545123608     
   44.399999999999615        85226.003341695890        85268.268373360173     
   44.449999999999612        85317.177707114606        85363.843572345329     
   44.499999999999609        85408.933102010997        85459.488793373384     
   44.549999999999606        85501.315776758624        85555.207988717215     
   44.599999999999604        85594.366005462784        85651.004372028925     
   44.649999999999601        85688.117646661573        85746.880386095712     
   44.699999999999598        85782.597763493090        85842.837678278345     
   44.749999999999595        85877.826307760159        85938.877083883577     
   44.799999999999592        85973.815871798623        86034.998617643316     
   44.849999999999589        86070.571511473303        86131.201473392561     
   44.899999999999586        86168.090642987940        86227.484031956206     
   44.949999999999584        86266.363015506344        86323.843877172825     
   44.999999999999581        86365.370760845850        86420.277819901472     
   45.049999999999578        86465.088520727499        86516.781929777222     
   45.099999999999575        86565.483651257775        86613.351574402666     
   45.149999999999572        86666.516503482839        86709.981465587320     
   45.199999999999569        86768.140778008936        86806.665712174858     
   45.249999999999567        86870.303950832837        86903.397878931297     
   45.299999999999564        86972.947766686120        87000.171050904988     
   45.349999999999561        87076.008795379734        87096.977902613333     
   45.399999999999558        87179.419045854112        87193.810771361517     
   45.449999999999555        87283.106631907707        87290.661733956338     
   45.499999999999552        87386.996482906339        87387.522686042823     
   45.549999999999550        87491.011092179979        87484.385423264903     
   45.599999999999547        87595.071295302419        87581.241723432104     
   45.649999999999544        87699.097070033429        87678.083428864265     
   45.699999999999541        87803.008349390511        87774.902528084422     
   45.749999999999538        87906.725839113758        87871.691236036611     
   45.799999999999535        88010.171830697233        87968.442072021047     
   45.849999999999532        88113.271001185683        88065.147934562250     
   45.899999999999530        88215.951191075117        88161.802172457770     
   45.949999999999527        88318.144151907720        88258.398651294265     
   45.999999999999524        88419.786255510960        88354.931814764408     
   46.049999999999521        88520.819157289618        88451.396740171374     
   46.099999999999518        88621.190406530484        88547.789187567192     
   46.149999999999515        88720.853997311511        88644.105642036156     
   46.199999999999513        88819.770854308532        88740.343348704337     
   46.249999999999510        88917.909248552169        88836.500340130020     
   46.299999999999507        89015.245138990795        88932.575455806989     
   46.349999999999504        89111.762436550562        89028.568353591996     
   46.399999999999501        89207.453188237370        89124.479512949096     
   46.449999999999498        89302.317679685482        89220.310229985407     
   46.499999999999496        89396.364455412404        89316.062604334656     
   46.549999999999493        89489.610256878703        89411.739518026327     
   46.599999999999490        89582.079879265424        89507.344606557235     
   46.649999999999487        89673.805948662688        89602.882222459826     
   46.699999999999484        89764.828622104411        89698.357391735190     
   46.749999999999481        89855.195213580417        89793.775763588899     
   46.799999999999478        89944.959749805159        89889.143553973408     
   46.849999999999476        90034.182460118827        89984.467483501372     
   46.899999999999473        90122.929205440741        90079.754710348832     
   46.949999999999470        90211.270851685971        90175.012758816301     
   46.999999999999467        90299.282593494543        90270.249444257657     
   47.049999999999464        90387.043234509430        90365.472795122158     
   47.099999999999461        90474.634430775914        90460.690972882832     
   47.149999999999459        90562.139904122159        90555.912190644973     
   47.199999999999456        90649.644632620984        90651.144631241274     
   47.249999999999453        90737.234025426165        90746.396365625187     
   47.299999999999450        90824.993089424388        90841.675272371242     
   47.349999999999447        90913.005595246708        90936.988959080540     
   47.399999999999444        91001.353250239990        91032.344686471100     
   47.449999999999442        91090.114886008931        91127.749295907051     
   47.499999999999439        91179.365668101120        91223.209141087282     
   47.549999999999436        91269.176335318974        91318.730024573772     
   47.599999999999433        91359.612476000155        91414.317139793027     
   47.649999999999430        91450.733848410149        91509.975019090503     
   47.699999999999427        91542.593752132569        91605.707488358908     
   47.749999999999424        91635.238457022162        91701.517628696951     
   47.799999999999422        91728.706695898480        91797.407745485762     
   47.849999999999419        91823.029226703191        91893.379345197493     
   47.899999999999416        91918.228469318041        91989.433120173708     
   47.949999999999413        92014.318221643698        92085.568941532503     
   47.999999999999410        92111.303458871917        92181.785860282020     
   48.049999999999407        92209.180219146656        92278.082116636273     
   48.099999999999405        92307.935578007629        92374.455157446879     
   48.149999999999402        92407.547713147418        92470.901661582669     
   48.199999999999399        92507.986060097886        92567.417573008919     
   48.249999999999396        92609.211558502473        92663.998141240168     
   48.299999999999393        92711.176987638697        92760.637968765528     
   48.349999999999390        92813.827388842765        92857.331064974598     
   48.399999999999388        92917.100571469360        92954.070906045643     
   48.449999999999385        93020.927698010346        93050.850500196757     
   48.499999999999382        93125.233943011874        93147.662457645754     
   48.549999999999379        93229.939219487904        93244.499064576303     
   48.599999999999376        93334.958965645215        93341.352360366378     
   48.649999999999373        93440.204983928124        93438.214217301822     
   48.699999999999370        93545.586323674797        93535.076421972088     
   48.749999999999368        93651.010198066302        93631.930757527880     
   48.799999999999365        93756.382925556289        93728.769085971784     
   48.849999999999362        93861.610885603601        93825.583429652412     
   48.899999999999359        93966.601478300116        93922.366051141202     
   48.949999999999356        94071.264077395972        94019.109530687463     
   48.999999999999353        94175.510966277056        94115.806840472549     
   49.049999999999351        94279.258246642683        94212.451414916955     
   49.099999999999348        94382.426709962034        94309.037216334749     
   49.149999999999345        94484.942662248548        94405.558795277699     
   49.199999999999342        94586.738693272782        94502.011344965780     
   49.249999999999339        94687.754382024781        94598.390749261336     
   49.299999999999336        94787.936931022414        94694.693623709973     
   49.349999999999334        94887.241722928477        94790.917349241834     
   49.399999999999331        94985.632793869110        94887.060098201284     
   49.449999999999328        95083.083218824278        94983.120852450709     
   49.499999999999325        95179.575405469426        95079.099413373930     
   49.549999999999322        95275.101293871441        95174.996403686062     
   49.599999999999319        95369.662460464941        95270.813261038711     
   49.649999999999316        95463.270125743918        95366.552223491351     
   49.699999999999314        95555.945066085071        95462.216307000359     
   49.749999999999311        95647.717431063080        95557.809275156556     
   49.799999999999308        95738.626468514587        95653.335601478408     
   49.849999999999305        95828.720160450583        95748.800424641580     
   49.899999999999302        95918.054773700278        95844.209497094795     
   49.949999999999299        96006.694329891005        95939.569127576513     
   49.999999999999297        96094.710000025196        96034.886118106951     
