  0.10000000000000001        95.226592583620985        95.242920241297455     
  0.20000000000000001        95.267604533138098        95.299282768884723     
  0.30000000000000004        95.340417898020490        95.385208168868857     
  0.40000000000000002        95.442757575866835        95.497274468249330     
  0.50000000000000000        95.571120264029688        95.631017139478530     
  0.59999999999999998        95.720889199076851        95.781106142543607     
  0.69999999999999996        95.886495740216773        95.941557599390677     
  0.79999999999999993        96.061622443472956        96.105971811932577     
  0.89999999999999991        96.239440497748390        96.267788243561469     
  0.99999999999999989        96.412872839276872        96.420547348530206     
   1.0999999999999999        96.574872998221934        96.558148792360086     
   1.2000000000000000        96.718708825189296        96.675095683921100     
   1.3000000000000000        96.838239751043687        96.766714943449642     
   1.4000000000000001        96.928176191507177        96.829344849084364     
   1.5000000000000002        96.984310141449100        96.860482106275839     
   1.6000000000000003        97.003706914225660        96.858882418993602     
   1.7000000000000004        96.984849347188572        96.824610440732172     
   1.8000000000000005        96.927727569857069        96.759037064194303     
   1.9000000000000006        96.833869547657940        96.664784178481852     
   2.0000000000000004        96.706309983109648        96.545619184151278     
   2.1000000000000005        96.549497674115187        96.406303612952016     
   2.2000000000000006        96.369143982600534        96.252402060201504     
   2.3000000000000007        96.172017540492547        96.090059224577800     
   2.4000000000000008        95.965692602706213        95.925754098830069     
   2.5000000000000009        95.758260447837117        95.766041219506477     
   2.6000000000000010        95.558014842039540        95.617289337269114     
   2.7000000000000011        95.373123755268352        95.485427903580018     
   2.8000000000000012        95.211300208582841        95.375711393993598     
   2.9000000000000012        95.079485315527236        95.292510727994298     
   3.0000000000000013        94.983556259536542        95.239139938244833     
   3.1000000000000014        94.928071141239414        95.217724836471504     
   3.2000000000000015        94.916061368446975        95.229118774933326     
   3.3000000000000016        94.948880594161480        95.272868772926316     
   3.4000000000000017        95.026117190713094        95.347233332244414     
   3.5000000000000018        95.145574945700758        95.449251271510377     
   3.6000000000000019        95.303324149062078        95.574858935608276     
   3.7000000000000020        95.493822587799500        95.719051252099675     
   3.8000000000000020        95.710103259186226        95.876080379446265     
   3.9000000000000021        95.944022944185377        96.039684187445332     
   4.0000000000000018        96.186563245301315        96.203335589204926     
   4.1000000000000014        96.428173386114892        96.360502859775607     
   4.2000000000000011        96.659142093614321        96.504910572699259     
   4.3000000000000007        96.869984336631092        96.630790692663496     
   4.4000000000000004        97.051827663510736        96.733113694692847     
   4.5000000000000000        97.196782444270994        96.807790334208931     
   4.5999999999999996        97.298280530189345        96.851835844625143     
   4.6999999999999993        97.351367722507490        96.863489846930960     
   4.7999999999999989        97.352936984342662        96.842287057471225     
   4.8999999999999986        97.301891492674784        96.789075898468894     
   4.9999999999999982        97.199229331023361        96.705984261493171     
   5.0999999999999979        97.048044755427043        96.596333850795730     
   5.1999999999999975        96.853444386491660        96.464506643555652     
   5.2999999999999972        96.622380229582120        96.315768954126270     
   5.3999999999999968        96.363404936143084        96.156060295304300     
   5.4999999999999964        96.086358026590275        95.991755621137074     
   5.5999999999999961        95.801994747324258        95.829410559445662     
   5.6999999999999957        95.521571701555317        95.675499863347525     
   5.7999999999999954        95.256405275137197        95.536159513974596     
   5.8999999999999950        95.017420106529443        95.416942693907032     
   5.9999999999999947        94.814705389754636        95.322599241634535     
   6.0999999999999943        94.657096647452036        95.256887224691383     
   6.1999999999999940        94.551799791562118        95.222423977397227     
   6.2999999999999936        94.504072847124775        95.220582391474437     
   6.3999999999999932        94.516978711403581        95.251436483653208     
   6.4999999999999929        94.591219828283215        95.313758357568361     
   6.5999999999999925        94.725062756181316        95.405066694543393     
   6.6999999999999922        94.914357381575641        95.521724917673168     
   6.7999999999999918        95.152652069973072        95.659085245019284     
   6.8999999999999915        95.431402448568704        95.811673049263362     
   6.9999999999999911        95.740267885212134        95.973404339447185     
   7.0999999999999908        96.067486182001730        96.137827838310102     
   7.1999999999999904        96.400313664921967        96.298382102961128     
   7.2999999999999901        96.725514858686950        96.448657475087643     
   7.3999999999999897        97.029883428741215        96.582652385655720     
   7.4999999999999893        97.300774188823084        96.695013699344244     
   7.5999999999999890        97.526624840077744        96.781251369676454     
   7.6999999999999886        97.697445831571613        96.837918671716253     
   7.7999999999999883        97.805257383426564        96.862750650198038     
   7.8999999999999879        97.844454319331660        96.854755112782343     
   7.9999999999999876        97.812081889067642        96.814252439394465     
   8.0999999999999872        97.708009141648319        96.742862584277148     
   8.1999999999999869        97.534990498287684        96.643439823389585     
   8.2999999999999865        97.298610785590981        96.519957948334067     
   8.3999999999999861        97.007113900222478        96.377350633271561     
   8.4999999999999858        96.671120242684196        96.221313514869635     
   8.5999999999999854        96.303242832313202        96.058076050911779     
   8.6999999999999851        95.917616365505694        95.894152400283730     
   8.7999999999999847        95.529357202767514        95.736081353266371     
   8.8999999999999844        95.153975209033106        95.590165713117898     
   8.9999999999999840        94.806760418033491        95.462221483246253     
   9.0999999999999837        94.502168590117705        95.357346761549962     
   9.1999999999999833        94.253229877837626        95.279719412485107     
   9.2999999999999829        94.071004040497897        95.232431418268604     
   9.3999999999999826        93.964104025045657        95.217366353255642     
   9.4999999999999822        93.938307344142544        95.235124737082458     
   9.5999999999999819        93.996271631900441        95.285000164925407     
   9.6999999999999815        94.137367145971382        95.365007152933615     
   9.7999999999999812        94.357634913528216        95.471959641426139     
   9.8999999999999808        94.649874789790445        95.601597136735819     
   9.9999999999999805        95.003863015622869        95.748753613537090     
   10.099999999999980        95.406694038284968        95.907562610702513     
   10.199999999999980        95.843236524365253        96.071690499815190     
   10.299999999999979        96.296688794180213        96.234588745933820     
   10.399999999999979        96.749214512966219        96.389755166877350     
   10.499999999999979        97.182635577350965        96.530993771349628     
   10.599999999999978        97.579155940775081        96.652662745211998     
   10.699999999999978        97.922087834720983        96.749900570284964     
   10.799999999999978        98.196550653643527        96.818821093835012     
   10.899999999999977        98.390112834087404        96.856669592284248     
   10.999999999999977        98.493348469814237        96.861933442955703     
   11.099999999999977        98.500283187788725        96.834402868001931     
   11.199999999999976        98.408707901120451        96.775179265031568     
   11.299999999999976        98.220344300482793        96.686630798298609     
   11.399999999999975        97.940852105832263        96.572297095688839     
   11.499999999999975        97.579674865785890        96.436746982841555     
   11.599999999999975        97.149728105985076        96.285395094558737     
   11.699999999999974        96.666940515101388        96.124284853486159     
   11.799999999999974        96.149665255391056        95.959846629674701     
   11.899999999999974        95.617984073180196        95.798640842177619     
   11.999999999999973        95.092931407927580        95.647096304309073     
   12.099999999999973        94.595668981578342        95.511254235585881     
   12.199999999999973        94.146643303593379        95.396528071670232     
   12.299999999999972        93.764759143428677        95.307488520804327     
   12.399999999999972        93.466601361983507        95.247682276774057     
   12.499999999999972        93.265735667329636        95.219491450652441     
   12.599999999999971        93.172116007839293        95.224039180965562     
   12.699999999999971        93.191622587231848        95.261145084931982     
   12.799999999999971        93.325750024801849        95.329332286576417     
   12.899999999999970        93.571460119038946        95.425885767964459     
   12.999999999999970        93.921208116415755        95.546959806183693     
   13.099999999999969        94.363145440979764        95.687730350059354     
   13.199999999999969        94.881495607045551        95.842586425235766     
   13.299999999999969        95.457093635046647        96.005353100223985     
   13.399999999999968        96.068072868750278        96.169537261170632     
   13.499999999999968        96.690676842730213        96.328586484694455     
   13.599999999999968        97.300168012679322        96.476150711994961     
   13.699999999999967        97.871800022812693        96.606336246958833     
   13.799999999999967        98.381816059657453        96.713941844230618     
   13.899999999999967        98.808433051409452        96.794667320462750     
   13.999999999999966        99.132770311891349        96.845286194124611     
   14.099999999999966        99.339681930046709        96.863775297423416     
   14.199999999999966        99.418454902946905        96.849396050260324     
   14.299999999999965        99.363339707145926        96.802724066372107     
   14.399999999999965        99.173886558536239        96.725625888710525     
   14.499999999999964        98.855068735483400        96.621183829449421     
   14.599999999999964        98.417183612911188        96.493572021948125     
   14.699999999999964        97.875531955893265        96.347888782741123     
   14.799999999999963        97.249885976420927        96.189952144761605     
   14.899999999999963        96.563766091998360        96.026066885057858     
   14.999999999999963        95.843554717421043        95.862772474111537     
   15.099999999999962        95.117482346959193        95.706582080817256     
   15.199999999999962        94.414526348091115        95.563723057651359     
   15.299999999999962        93.763266138679597        95.439889203465427     
   15.399999999999961        93.190739745704946        95.340014572499982     
   15.499999999999961        92.721346253295636        95.268077697993732     
   15.599999999999961        92.375836535269826        95.226943869436226     
   15.699999999999960        92.170431174609689        95.218251595569356     
   15.799999999999960        92.116099849838719        95.242347658987697     
   15.899999999999959        92.218030943102562        95.298273285690115     
   15.999999999999959        92.475313878891967        95.383801980443209     
   16.099999999999959        92.880849865564571        95.495527584500920     
   16.199999999999960        93.421499368805229        95.628999165093916     
   16.299999999999962        94.078466856551174        95.778897514920885     
   16.399999999999963        94.827915182569257        95.939246391794754     
   16.499999999999964        95.641793522259348        96.103650227434031     
   16.599999999999966        96.488854209672823        96.265548938374337     
   16.699999999999967        97.335825411138160        96.418479731089818     
   16.799999999999969        98.148698670508040        96.556335446426857     
   16.899999999999970        98.894083426618977        96.673609059927472     
   16.999999999999972        99.540575148479334        96.765614452247902     
   17.099999999999973        100.06008028353287        96.828674476503295     
   17.199999999999974        100.42904024458642        96.860268646030889     
   17.299999999999976        100.62949852918261        96.859134396366002     
   17.399999999999977        100.64995994761847        96.825317771110448     
   17.499999999999979        100.48599877966146        96.760171460308285     
   17.599999999999980        100.14058318070877        96.666300289311124     
   17.699999999999982        99.624095767913502        96.547456418443403     
   17.799999999999983        98.954044286136408        96.408388572374378     
   17.899999999999984        98.154470701216297        96.254651482582517     
   17.999999999999986        97.255081070409091        96.092383317486494     
   18.099999999999987        96.290131226860439        95.928060128681366     
   18.199999999999989        95.297113958048001        95.768237211980548     
   18.299999999999990        94.315301437131666        95.619287741346625     
   18.399999999999991        93.384201906156278        95.487149073908427     
   18.499999999999993        92.541991983568934        95.377086754364626     
   18.599999999999994        91.823985664982956        95.293485491980519     
   18.699999999999996        91.261198455464623        95.239675280896421     
   18.799999999999997        90.879060552453709        95.217799432675889     
   18.899999999999999        90.696327043142475        95.228729644753116     
   19.000000000000000        90.724226088656764        95.272031401058825     
   19.100000000000001        90.965878339317598        95.345981056748542     
   19.200000000000003        91.416012536785672        95.447633965154893     
   19.300000000000004        92.060993466861831        95.572941030636642     
   19.400000000000006        92.879169098651005        95.716909184905830     
   19.500000000000007        93.841533810811441        95.873799554668537     
   19.600000000000009        94.912694018484828        96.037355580414257     
   19.700000000000010        96.052111322825681        96.201052120710727     
   19.800000000000011        97.215586708228102        96.358355687058648     
   19.900000000000013        98.356937701062563        96.502985444881702     
   20.000000000000014        99.429809370008741        96.629164517206135     
   20.100000000000016        100.38955035915507        96.731851453794633     
   20.200000000000017        101.19507767927314        96.806942476555662     
   20.300000000000018        101.81064963172184        96.851436259002213     
   20.400000000000020        102.20746578794245        96.863554500687798     
   20.500000000000021        102.36501694730561        96.842813355646470     
   20.600000000000023        102.27211665558551        96.790042789745542     
   20.700000000000024        101.92755897607294        96.707353086373715     
   20.800000000000026        101.34036411630812        96.598049896851791     
   20.900000000000027        100.52959317736443        96.466501343682012     
   21.000000000000028        99.523734362320525        96.317962637679472     
   21.100000000000030        98.359683957279501        96.158365379934054     
   21.200000000000031        97.081364804220044        95.994080115907209     
   21.300000000000033        95.738041533230202        95.831661738115713     
   21.400000000000034        94.382404556674445        95.677587960805596     
   21.500000000000036        93.068503213976854        95.538001298865566     
   21.600000000000037        91.849612402316183        95.418464776332556     
   21.700000000000038        90.776116850341708        95.323740986038445     
   21.800000000000040        89.893493515306062        95.257603154133136     
   21.900000000000041        89.240466217173605        95.222685575663206     
   22.000000000000043        88.847398414654847        95.220379233081431     
   22.100000000000044        88.734980734044612        95.250776647885573     
   22.200000000000045        88.913260043873024        95.312668110334783     
   22.300000000000047        89.381046833845588        95.403589450081611     
   22.400000000000048        90.125727447128611        95.519919519999078     
   22.500000000000050        91.123497145004066        95.657023635533008     
   22.600000000000051        92.340018719387302        95.809437411131469     
   22.700000000000053        93.731499043313448        95.971083830355965     
   22.800000000000054        95.246162286489479        96.135515040077976     
   22.900000000000055        96.826083465615909        96.296169328560680     
   23.000000000000057        98.409329814492125        96.446633080260142     
   23.100000000000058        99.932340801191273        96.580897233086517     
   23.200000000000060        101.33246153466641        96.693597918125107     
   23.300000000000061        102.55053016271934        96.780231541583262     
   23.400000000000063        103.53340922750594        96.837335559032425     
   23.500000000000064        104.23634536458793        96.862627558048402     
   23.600000000000065        104.62504251525964        96.855096953101508     
   23.700000000000067        104.67734180226356        96.815045534852402     
   23.800000000000068        104.38441656309401        96.744075219999317     
   23.900000000000070        103.75141313645457        96.645023523508641     
   24.000000000000071        102.79749547982880        96.521849424676972     
   24.100000000000072        101.55528253812820        96.379474326134854     
   24.200000000000074        100.06969905086046        96.223584622041813     
   24.300000000000075        98.396290636137579        96.060403921842251     
   24.400000000000077        96.599080200264211        95.896444158304078     
   24.500000000000078        94.748063177199711        95.738245600508407     
   24.600000000000080        92.916452704707780        95.592116170442296     
   24.700000000000081        91.177792301221814        95.463880421033096     
   24.800000000000082        89.603053395897035        95.358648086320002     
   24.900000000000084        88.257829279446895        95.280611288531361     
   25.000000000000085        87.199727169704374        95.232878322140948     
   25.100000000000087        86.476047730789475        95.217350481295355     
   25.200000000000088        86.121828020802539        95.234646711399094     
   25.300000000000090        86.158310596748905        95.284079010339468     
   25.400000000000091        86.591889020057579        95.363679545527219     
   25.500000000000092        87.413568390047075        95.470278457479239     
   25.600000000000094        88.598968396210495        95.599629358004037     
   25.700000000000095        90.108884950697174        95.746577670077087     
   25.800000000000097        91.890413763806464        95.905265264835521     
   25.900000000000098        93.878624300457702        96.069363393453088     
   26.000000000000099        95.998754706040842        96.232324747582794     
   26.100000000000101        98.168877303401814        96.387644663514578     
   26.200000000000102        100.30296059250078        96.529121053545467     
   26.300000000000104        102.31422854623374        96.651102631061818     
   26.400000000000105        104.11869334847454        96.748715404889992     
   26.500000000000107        105.63871610905578        96.818058246468141     
   26.600000000000108        106.80643435584389        96.856359553519482     
   26.700000000000109        107.56688798131306        96.862088599717424     
   26.800000000000111        107.88067898497130        96.835017006736251     
   26.900000000000112        107.72601598820428        96.776227823233199     
   27.000000000000114        107.10002197953412        96.688071853786340     
   27.100000000000115        106.01922150930989        96.574073052695908     
   27.200000000000117        104.51916868675106        96.438786885525587     
   27.300000000000118        102.65322592843553        96.287617473179566     
   27.400000000000119        100.49055107335499        96.126600987311335     
   27.500000000000121        98.113392958659702        95.962164094485772     
   27.600000000000122        95.613829319644950        95.800867199641758     
   27.700000000000124        93.090103618718643        95.649142785753526     
   27.800000000000125        90.642728263616945        95.513039273909854     
   27.900000000000126        88.370521256867974        95.397980542045701     
   28.000000000000128        86.366733480391957        95.308550563046850     
   28.100000000000129        84.715407252688891        95.248311589218787     
   28.200000000000131        83.488086533596501        95.219662966336614     
   28.300000000000132        82.740978067894801        95.223746061075104     
   28.400000000000134        82.512643149582942        95.260398990934391     
   28.500000000000135        82.822282977210691        95.328162920297558     
   28.600000000000136        83.668667170679868        95.424339697114121     
   28.700000000000138        85.029744350089274        95.545098620514764     
   28.800000000000139        86.862964314797281        95.685628219488791     
   28.900000000000141        89.106331309306839        95.840327154903079     
   29.000000000000142        91.680194905381470        96.003026797710390     
   29.100000000000144        94.489767141073386        96.167236747109882     
   29.200000000000145        97.428330331131264        96.326403589056312     
   29.300000000000146        100.38106901308871        96.474172603843314     
   29.400000000000148        103.22942275965750        96.604641945107758     
   29.500000000000149        105.85581648304947        96.712599049807082     
   29.600000000000151        108.14858518086611        96.793729700062514     
   29.700000000000152        110.00687566148923        96.844791224426373     
   29.800000000000153        111.34528389112148        96.863742759490606     
   29.900000000000155        112.09797807412761        96.849827235251269     
   30.000000000000156        112.22206796861791        96.803601725146777     
   30.100000000000158        111.70001171924724        96.726914927166078     
   30.200000000000159        110.54090152861112        96.622832720717696     
   30.300000000000161        108.78053496918952        96.495514877217275     
   30.400000000000162        106.48025355338318        96.350047995718370     
   30.500000000000163        103.72460678161451        96.192241501811282     
   30.600000000000165        100.61797043096350        96.028395014764300     
   30.700000000000166        97.280305402052946        95.865046497107912     
   30.800000000000168        93.842283050101230        95.708711313606486     
   30.900000000000169        90.440022268035051        95.565622622966515     
   31.000000000000171        87.209683168239920        95.441483404369166     
   31.100000000000172        84.282145035775343        95.341239897572336     
   31.200000000000173        81.777967108873568        95.268885340089142     
   31.300000000000175        79.802795355045660        95.227301659933303     
   31.400000000000176        78.443342321382318        95.218145279011651     
   31.500000000000178        77.764034974432576        95.241781458658878     
   31.600000000000179        77.804400305929107        95.297269738064003     
   31.700000000000180        78.577241627269629        95.382401044648034     
   31.800000000000182        80.067649304496513        95.493785060962708     
   31.900000000000183        82.232885929714413        95.626984484403337     
   32.000000000000185        85.003184036181025        95.776690982732205     
   32.100000000000186        88.283490132994842        95.936935997289126     
   32.200000000000188        91.956177619636449        96.101328140688423     
   32.300000000000189        95.884729179125173        96.263307835102765     
   32.400000000000190        99.918354011565540        96.416409091028498     
   32.500000000000192        103.89745627076481        96.554517973663266     
   32.600000000000193        107.65981041014142        96.672117369489541     
   32.700000000000195        111.04723175886386        96.764508157295097     
   32.800000000000196        113.91246405603871        96.827997794786469     
   32.900000000000198        116.12594919665810        96.860048623493086     
   33.000000000000199        117.58210789753703        96.859379820679692     
   33.100000000000200        118.20475196985791        96.826018819661769     
   33.200000000000202        117.95127499917896        96.761300096893393     
   33.300000000000203        116.81532966134637        96.667811392960445     
   33.400000000000205        114.82779263522350        96.549289597722094     
   33.500000000000206        112.05593312788622        96.410470590556599     
   33.600000000000207        108.60082567465368        96.256899194474244     
   33.700000000000209        104.59316767903283        96.094706998397569     
   33.800000000000210        100.18776341616221        95.930367060908210     
   33.900000000000212        95.557008285652500        95.770435384679899     
   34.000000000000213        90.883744044955776        95.621289516109982     
   34.100000000000215        86.353857108521225        95.488874670677859     
   34.200000000000216        82.148962390382053        95.378467420319112     
   34.300000000000217        78.439463089440721        95.294466229218770     
   34.400000000000219        75.378212827530561        95.240217026536953     
   34.500000000000220        73.094941357437477        95.217880606646744     
   34.600000000000222        71.691547842525608        95.228347005220570     
   34.700000000000223        71.238322949512465        95.271200174248847     
   34.800000000000225        71.771135870944207        95.344734335906750     
   34.900000000000226        73.289614716341305        95.446021401603858     
   35.000000000000227        75.756355248634151        95.571026867347143     
   35.100000000000229        79.097207989969277        95.714769708730032     
   35.200000000000230        83.202709823479424        95.871520066439970     
   35.300000000000232        87.930735021617252        96.035027001604064     
   35.400000000000233        93.110433888761307        96.198767370428087     
   35.500000000000234        98.547497959726385        96.356205973195983     
   35.600000000000236        104.03073462045144        96.501056617603084     
   35.700000000000237        109.33985075958839        96.627533631427738     
   35.800000000000239        114.25423931148640        96.730583679725356     
   35.900000000000240        118.56244448127342        96.806088483933166     
   36.000000000000242        122.07186613669946        96.851030181841978     
   36.100000000000243        124.61816954617889        96.863612565892396     
   36.200000000000244        126.07381183221065        96.843333231689073     
   36.300000000000246        126.35509634776940        96.791003682026982     
   36.400000000000247        125.42722892886492        96.708716575079222     
   36.500000000000249        123.30697438411714        96.599761482586487     
   36.600000000000250        120.06268604707566        96.468492637205941     
   36.700000000000252        115.81168510889432        96.320154103965379     
   36.800000000000253        110.71517351813795        96.160669524636461     
   36.900000000000254        104.97104739188860        95.996404985045302     
   37.000000000000256        98.805114247245996        95.833914589967080     
   37.100000000000257        92.461292376639321        95.679678963042775     
   37.200000000000259        86.191380357173756        95.539847103938072     
   37.300000000000260        80.244935515440716        95.419991833849608     
   37.400000000000261        74.859707043094005        95.324888462071627     
   37.500000000000263        70.252952094447508        95.258325343383802     
   37.600000000000264        66.613842204958090        95.222953712632517     
   37.700000000000266        64.097060775479349        95.220182631944226     
   37.800000000000267        62.817613229087208        95.250123126828086     
   37.900000000000269        62.846826756042816        95.311583683744587     
   38.000000000000270        64.209507266801722        95.402117300219189     
   38.100000000000271        66.882242933140319        95.518118287660698     
   38.200000000000273        70.792887941479279        95.654965095756509     
   38.300000000000274        75.821315069420180        95.807203624242405     
   38.400000000000276        81.801577513939435        95.968763879679045     
   38.500000000000277        88.525654039840177        96.133201484594807     
   38.600000000000279        95.748952296103056        96.293954510931044     
   38.700000000000280        103.19770069187476        96.444605437335142     
   38.800000000000281        110.57826203011457        96.579137756913482     
   38.900000000000283        117.58825233298688        96.692176910285866     
   39.000000000000284        123.92915613414456        96.779205792593032     
   39.100000000000286        129.31991608252196        96.836746067803332     
   39.200000000000287        133.51077073115923        96.862497884721122     
   39.300000000000288        136.29645612437969        96.855432272757454     
   39.400000000000290        137.52780947192710        96.815832430851557     
   39.500000000000291        137.12084317795876        96.745282225217295     
   39.600000000000293        135.06250507806578        96.646602386941211     
   39.700000000000294        131.41259570056866        96.523737051122666     
   39.800000000000296        126.30164489606256        96.381595309272527     
   39.900000000000297        119.92491177637513        96.225854267369400     
   40.000000000000298        112.53301035966093        96.062731636612810     
   40.100000000000300        104.41992955990511        95.898737071523328     
   40.200000000000301        95.909375180425201        95.740412267714504     
   40.300000000000303        87.340398872413985        95.594070215572572     
   40.400000000000304        79.053202071976159        95.465543971139823     
   40.500000000000306        71.375837666658001        95.359954863937844     
   40.600000000000307        64.612315875258361        95.281509240642691     
   40.700000000000308        59.032393778083936        95.233331683290601     
   40.800000000000310        54.863125661445814        95.217341190713043     
   40.900000000000311        52.282099604533570        95.234175129150785     
   41.000000000000313        51.412198458131073        95.283163904638457     
   41.100000000000314        52.317703215805281        95.362357351446505     
   41.200000000000315        55.001597386121517        95.468601835450215     
   41.300000000000317        59.404019501221228        95.597665107683866     
   41.400000000000318        65.401930065526656        95.744404080452270     
   41.500000000000320        72.810188451569260        95.902969003859113     
   41.600000000000321        81.384351033142650        96.067036059207240     
   41.700000000000323        90.825578548985263        96.230059217116846     
   41.800000000000324        100.78805221871166        96.385531384467797     
   41.900000000000325        110.88922157660701        96.527244426922877     
   42.000000000000327        120.72302812946097        96.649537630809789     
   42.100000000000328        129.87596872677017        96.747524571176058     
   42.200000000000330        137.94550261346672        96.817289175046270     
   42.300000000000331        144.55991106869234        96.856042983773037     
   42.400000000000333        149.39835237056653        96.862237179706824     
   42.500000000000334        152.20959118064306        96.835624785863885     
   42.600000000000335        152.82778810265404        96.777270493192489     
   42.700000000000337        151.18385663441373        96.689507727623521     
   42.800000000000338        147.31123760975350        96.575844741469524     
   42.900000000000340        141.34546755353867        96.440823603551863     
   43.000000000000341        133.51754902466757        96.289837877443745     
   43.100000000000342        124.14176515876747        96.128916435371025     
   43.200000000000344        113.59911240314916        95.964482188930518     
   43.300000000000345        102.31787168480245        95.803095476482440     
   43.400000000000347        90.752955284363935        95.651192399305003     
   43.500000000000348        79.365557451243973        95.514828531843179     
   43.600000000000350        68.604346002251916        95.399438151126262     
   43.700000000000351        58.889031904063472        95.309618458231327     
   43.800000000000352        50.596724846551794        95.248947235677534     
   43.900000000000354        44.051096850993247        95.219841044881107     
   44.000000000000355        39.514084050242040        95.223459471589337     
   44.100000000000357        37.179684878646754        95.259659134845847     
   44.200000000000358        37.169364305559718        95.326999250947210     
   44.300000000000360        39.528635545235360        95.422798555131806     
   44.400000000000361        44.224541066762995        95.543241399003264     
   44.500000000000362        51.143968267686645        95.683528929988896     
   44.600000000000364        60.092984683815736        95.838069488804109     
   44.700000000000365        70.797632884168138        96.000700798069460     
   44.800000000000367        82.906850239539750        96.164935221918782     
   44.900000000000368        95.998330070686791        96.324218408117403     
   45.000000000000369        109.58816944543649        96.472191027019207     
   45.100000000000371        123.14500867209654        96.602943129415308     
   45.200000000000372        136.10902755611707        96.711250876497189     
   45.300000000000374        147.91562471260113        96.792786050585676     
   45.400000000000375        158.02291508785891        96.844289816436614     
   45.500000000000377        165.94143413719382        96.863703631466677     
   45.600000000000378        171.26377260316266        96.850251941852704     
   45.700000000000379        173.69143682252448        96.804473276218673     
   45.800000000000381        173.05616725820454        96.728198472662655     
   45.900000000000382        169.33332213036570        96.624476953104917     
   46.000000000000384        162.64572281961449        96.497454093517177     
   46.100000000000385        153.25744581511219        96.352204734565603     
   46.200000000000387        141.55824020901628        96.194529647851169     
   46.300000000000388        128.04032817947078        96.030723244363273     
   46.400000000000389        113.27011225317528        95.867321926360788     
   46.500000000000391        97.857644928222612        95.710843202425721     
   46.600000000000392        82.426590932328281        95.567525987776605     
   46.700000000000394        67.586904406277512        95.443082396500145     
   46.800000000000395        53.911695283504045        95.342470814522670     
   46.900000000000396        41.918939072183129        95.269699151892993     
   47.000000000000398        32.057943149097675        95.227665952253943     
   47.100000000000399        24.699925096717319        95.218045537514428     
   47.200000000000401        20.131731935530436        95.241221644829537     
   47.300000000000402        18.551630391377593        95.296272134018224     
   47.400000000000404        20.066192304628210        95.381005372671325     
   47.500000000000405        24.687538796366272        95.492046911555718     
   47.600000000000406        32.330548424545690        95.624973113508332     
   47.700000000000408        42.810044718354263        95.774486563619803     
   47.800000000000409        55.838429514263694        95.934626434354428     
   47.900000000000411        71.024687439418756        96.099005570277839     
   48.000000000000412        87.876102258270976        96.261064951688113     
   48.100000000000414        105.80431963446566        96.414335444929236     
   48.200000000000415        124.13746216972230        96.552696388629300     
   48.300000000000416        142.13974665139267        96.670620624560371     
   48.400000000000418        159.03939600970375        96.763396067457364     
   48.500000000000419        174.06457710981695        96.827314809356906     
   48.600000000000421        186.48573384570324        96.859822040424419     
   48.700000000000422        195.66124274807834        96.859618689965103     
   48.800000000000423        201.08210307748806        96.826713580764533     
   48.900000000000425        202.41071238891922        96.762422964902328     
   49.000000000000426        199.50892455546818        96.669317477320732     
   49.100000000000428        192.45162780301166        96.551118707302749     
   49.200000000000429        181.52388565775695        96.412549650827373     
   49.300000000000431        167.20191884440328        96.259145177886211     
   49.400000000000432        150.12041103489662        96.097030248720543     
   49.500000000000433        131.03033590493555        95.932674877061984     
   49.600000000000435        110.75239491734015        95.772635720032710     
   49.700000000000436        90.131105999919839        95.623294645563021     
   49.800000000000438        69.993704062941958        95.490604680103246     
   49.900000000000439        51.116592107019258        95.379853380829900     
   50.000000000000441        34.200480079082283        95.295452931876895     
   50.100000000000442        19.853901915627194        95.240765170839580     
   50.200000000000443        8.5837367777953517        95.217968357734023     
   50.300000000000445       0.79076864768527932        95.227970859388492     
   50.400000000000446       -3.2318312301413736        95.270375099131542     
   50.500000000000448       -3.2990263985207928        95.343493179674198     
   50.600000000000449       0.66503432912992544        95.444413593738119     
   50.700000000000450        8.6244360835378977        95.569116461035506     
   50.800000000000452        20.426976877797088        95.712632840675511     
   50.900000000000453        35.797952253695065        95.869241932990789     
   51.000000000000455        54.333222319076398        96.032698469645652     
   51.100000000000456        75.493331039885319        96.196481356644838     
   51.200000000000458        98.601229360802733        96.354053735401308     
   51.300000000000459        122.84676593883586        96.499124106313616     
   51.400000000000460        147.30131939822888        96.625898048395669     
   51.500000000000462        170.94549829515751        96.729310382644798     
   51.600000000000463        192.71154094752384        96.805228363185662     
   51.700000000000465        211.53989377347233        96.850617616398054     
   51.800000000000466        226.44668160681951        96.863664042077176     
   51.900000000000468        236.59593129941811        96.843846681429497     
   52.000000000000469        241.36818421332293        96.791958567609569     
   52.100000000000470        240.41624611802462        96.710074716682001     
   52.200000000000472        233.69974411021434        96.601468594287141     
   52.300000000000473        221.49291245416200        96.470480508179961     
   52.400000000000475        204.36411473502136        96.322343335440721     
   52.500000000000476        183.13011560278585        96.162972710974145     
   52.600000000000477        158.79197822457218        95.998730209956150     
   52.700000000000479        132.46179818523416        95.836169096988002     
   52.800000000000480        105.28985179729918        95.681772853347582     
   52.900000000000482        78.400249205436268        95.541696914445097     
   53.000000000000483        52.840418150471997        95.421523854260883     
   53.100000000000485        29.546516546046348        95.326041660570141     
   53.200000000000486        9.3239590554670713        95.259053786675935     
   53.300000000000487       -7.1598251851027879        95.223228386162603     
   53.400000000000489       -19.374317959875594        95.219992589630323     
   53.500000000000490       -26.920541370627781        95.249475925696672     
   53.600000000000492       -29.524889906401686        95.310505086455890     
   53.700000000000493       -27.034848016693161        95.400650256713732     
   53.800000000000495       -19.418421986840372        95.516321235049119     
   53.900000000000496       -6.7683337723517916        95.652909642143157     
   54.000000000000497        10.688720743503488        95.804971706457792     
   54.100000000000499        32.578292138855360        95.966444505975034     
   54.200000000000500        58.361515418567777        96.130887190375972     
   54.300000000000502        87.318611032978737        96.291737667804497     
   54.400000000000503        118.53718686398979        96.442574562552295     
   54.500000000000504        150.91139377558576        96.577373971232760     
   54.600000000000506        183.15864894634282        96.690750687213622     
   54.700000000000507        213.85989980476910        96.778174130926445     
   54.800000000000509        241.52677424900807        96.836150202753075     
   54.900000000000510        264.69442089071453        96.862361631253833     
   55.000000000000512        282.03302619090613        96.855761069059952     
   55.100000000000513        292.46522113554295        96.816613121082398     
   55.200000000000514        295.27256958421862        96.746483590256204     
   55.300000000000516        290.17362398352816        96.648176401036068     
   55.400000000000517        277.35942621232698        96.525620812551423     
   55.500000000000519        257.47939463682860        96.383713565702635     
   55.600000000000520        231.57962399303963        96.228122432687968     
   55.700000000000522        201.00434390132210        96.065059176602276     
   55.800000000000523        167.27731531336656        95.901031121606437     
   55.900000000000524        131.98184314285714        95.742581337565909     
   56.000000000000526        96.655723042859634        95.596027832894990     
   56.100000000000527        62.711951729930817        95.467212120277679     
   56.200000000000529        31.389279519810302        95.361267083966752     
   56.300000000000530        3.7305603255554303        95.282413261648145     
   56.400000000000531       -19.417326302146229        95.233791498096352     
   56.500000000000533       -37.389982665364570        95.217338481580825     
   56.600000000000534       -49.686124569345509        95.233709994100565     
   56.700000000000536       -55.948437926095167        95.282254855127633     
   56.800000000000537       -55.948774722351466        95.361040581249981     
   56.900000000000539       -49.580112506331560        95.466929788732457     
   57.000000000000540       -36.856627334265838        95.595704401472489     
   57.100000000000541       -17.922700267999062        95.742232862039884     
   57.200000000000543        6.9286892337705694        95.900673846139185     
   57.300000000000544        37.228473213353098        96.064708515700048     
   57.400000000000546        72.296818912033331        96.227792172671400     
   57.500000000000547        111.20590470472283        96.383415346660087     
   57.600000000000549        152.74836039284665        96.525363906514869     
   57.700000000000550        195.42311006225822        96.647967756995897     
   57.800000000000551        237.45236904375474        96.746328078686631     
   57.900000000000553        276.84236860747649        96.816513885732959     
   58.000000000000554        311.49477908968635        96.855719885580996     
   58.100000000000556        339.36576632553067        96.862379181730688     
   58.200000000000557        358.65691539448619        96.836226200510680     
   58.300000000000558        368.01034747815845        96.778307266550740     
   58.400000000000560        366.67344983106915        96.690938408303097     
   58.500000000000561        354.60010207649862        96.577612147816481     
   58.600000000000563        332.46602405351655        96.442857120610370     
   58.700000000000564        301.59353869427935        96.292056289577744     
   58.800000000000566        263.80058226541456        96.131231179138965     
   58.900000000000567        221.20426905066540        95.966800894469401     
   59.000000000000568        176.01621405196428        95.805325654885763     
   59.100000000000570        130.36373581108666        95.653245128583933     
   59.200000000000571        86.160029694275607        95.516621995091398     
   59.300000000000573        45.031757706710451        95.400900887269756     
   59.400000000000574        8.2989968128983875        95.310692197829525     
   59.500000000000576       -23.006447080743300        95.249589211073783     
   59.600000000000577       -48.101496244042636        95.220025684862321     
   59.700000000000578       -66.406369196811568        95.223179414794231     
   59.800000000000580       -77.503948108639435        95.258925522571801     
   59.900000000000581       -81.109436133106314        95.325841287816658     
   60.000000000000583       -77.051811331536769        95.421262354326956     
   60.100000000000584       -65.266669447869631        95.541388156488651     
   60.200000000000585       -45.800153529861277        95.681432498340143     
   60.300000000000587       -18.825032266096919        95.835813444992908     
   60.400000000000588        15.328611832202711        95.998375119909795     
   60.500000000000590        56.125598884757942        96.162632704017909     
   60.600000000000591        102.76089223216410        96.322030959374061     
   60.700000000000593        154.08384395776770        96.470205997394302     
   60.800000000000594        208.52597935032679        96.601239813492370     
   60.900000000000595        264.05590414696547        96.709897335104756     
   61.000000000000597        318.19070119706419        96.791836379595040     
   61.100000000000598        368.09130125342045        96.843781974173211     
   61.200000000000600        410.75659064671692        96.863657913663346     
   61.300000000000601        443.30772726982201        96.850670166657864     
   61.400000000000603        463.32542661794054        96.805338712599962     
   61.500000000000604        469.17826687651501        96.729476514912548     
   61.600000000000605        460.26985704999856        96.626116513437026     
   61.700000000000607        437.14386263464951        96.499389655316065     
   61.800000000000608        401.41753433323970        96.354358982016024     
   61.900000000000610        355.55713945297560        96.196816564570256     
   62.000000000000611        302.54799143157595        96.033051555231040     
   62.100000000000612        245.53409639176834        95.869598743676363     
   62.200000000000614        187.50118823096713        95.712977730235494     
   62.300000000000615        131.05487325247731        95.569433136873769     
   62.400000000000617        78.312838199873696        95.444686167085834     
   62.500000000000618        30.898910040529287        95.343707313520426     
   62.600000000000620       -9.9934900496651551        95.270519126906166     
   62.700000000000621       -43.506862132223432        95.228036743488019     
   62.800000000000622       -69.026299667664190        95.217952371871945     
   62.900000000000624       -86.106775511401779        95.240668221967198     
   63.000000000000625       -94.427114479696399        95.295280481517082     
   63.100000000000627       -93.766925192031366        95.379614975659123     
   63.200000000000628       -83.998435600468667        95.490313150165875     
   63.300000000000630       -65.086192482789428        95.622965068483907     
   63.400000000000631       -37.092520455850767        95.772284275208889     
   63.500000000000632      -0.19334189207522456        95.932317721464514     
   63.600000000000634        45.285182632472868        96.096682534788130     
   63.700000000000635        98.796685255847137        96.258820306085951     
   63.800000000000637        159.46345500662861        96.412258809398864     
   63.900000000000638        225.92951252915705        96.550870705917887     
   64.000000000000639        296.20413263882654        96.669118837133482     
   64.100000000000634        367.54533247567656        96.762278191647255     
   64.200000000000628        436.44876393153862        96.826625525688101     
   64.300000000000622        498.80417735734295        96.859588898639515     
   64.400000000000617        550.25079848746213        96.859851002305192     
   64.500000000000611        586.70634754122932        96.827402048847517     
   64.600000000000605        604.97770669294778        96.763540055334047     
   64.700000000000600        603.31084080317362        96.670818530322990     
   64.800000000000594        581.72970505435728        96.552943732533194     
   64.900000000000588        542.06022769313574        96.414625736538952     
   65.000000000000583        487.62399634774522        96.261389414841673     
   65.100000000000577        422.68407979625692        96.099353049868299     
   65.200000000000571        351.79367639367240        95.934983558686866     
   65.300000000000566        279.21139920504220        95.774838200449764     
   65.400000000000560        208.50458279771905        95.625303113682719     
   65.500000000000554        142.38696862974501        95.492339088364190     
   65.600000000000549        82.762274668337199        95.381244624827488     
   65.700000000000543        30.896840746370756        95.296445592075116     
   65.800000000000537       -12.367223702785552        95.241319709426364     
   65.900000000000531       -46.428468890130809        95.218062685235182     
   66.000000000000526       -70.808710707449379        95.227601210257916     
   66.100000000000520       -85.105367527007957        95.269556182293002     
   66.200000000000514       -88.994324224272688        95.342257597961520     
   66.300000000000509       -82.254763455167847        95.442810554400424     
   66.400000000000503       -64.789825170521880        95.567209826967357     
   66.500000000000497       -36.627647207870844        95.710498597824412     
   66.600000000000492        2.0971812556727514        95.866965172540304     
   66.700000000000486        51.164620336247779        96.030370003169338     
   66.800000000000480        110.26057159634641        96.194194097658894     
   66.900000000000475        178.89940070390037        96.351898990908424     
   67.000000000000469        256.24609427293240        96.497187926492984     
   67.100000000000463        340.83559940905275        96.624257781214752     
   67.200000000000458        430.23735023509352        96.728031572757047     
   67.300000000000452        520.77287284075283        96.804362121206509     
   67.400000000000446        607.43757557509059        96.850198565976115     
   67.500000000000441        684.17121062688852        96.863708928827478     
   67.600000000000435        744.54226436299200        96.844353700749636     
   67.700000000000429        782.76823856788724        96.792907438837815     
   67.800000000000423        794.83606671501286        96.711427500297120     
   67.900000000000418        779.39069756759272        96.603171218276813     
   68.000000000000412        738.08854533289650        96.472464940683921     
   68.100000000000406        675.27460184904555        96.324530314579931     
   68.200000000000401        597.07561705590138        96.165274920517263     
   68.300000000000395        510.20207508301411        96.001055772041596     
   68.400000000000389        420.82830845315090        95.838425241153359     
   68.500000000000384        333.84706605882781        95.683869614985412     
   68.600000000000378        252.62072316664580        95.543550715607509     
   68.700000000000372        179.16511821868164        95.423060825329358     
   68.800000000000367        114.58144328173121        95.327200572324287     
   68.900000000000361        59.527538522896918        95.259788478192007     
   69.000000000000355        14.573893777824196        95.223509594058768     
   69.100000000000350       -19.622837297417810        95.219809107654896     
   69.200000000000344       -42.317032014184264        95.248835049656719     
   69.300000000000338       -52.782512533452511        95.309432327080188     
   69.400000000000333       -50.458359667697891        95.399188331281991     
   69.500000000000327       -35.067497971127139        95.514528376521923     
   69.600000000000321       -6.6644578060644903        95.650857291121596     
   69.700000000000315        34.405609630962346        95.802741675624219     
   69.800000000000310        87.625995781358057        95.964125727797793     
   69.900000000000304        152.46275091743584        96.128572175942594     
   70.000000000000298        228.47809087103832        96.289518816929487     
   70.100000000000293        315.30280922671471        96.440540472177020     
   70.200000000000287        412.37331249075498        96.575605890174998     
   70.300000000000281        518.39736119615725        96.689319260337214     
   70.400000000000276        630.63299342075095        96.777136564851659     
   70.500000000000270        744.22095819172034        96.835547968656726     
   70.600000000000264        851.92977992353747        96.862218798736919     
   70.700000000000259        944.65677948816085        96.856083339371082     
   70.800000000000253        1012.8138666435503        96.817387599285098     
   70.900000000000247        1048.3516775595158        96.747679305486358     
   71.000000000000242        1046.8026816266004        96.649745553180736     
   71.100000000000236        1008.5736865466034        96.527500693874515     
   71.200000000000230        938.92961857226578        96.385829078464980     
   71.300000000000225        846.62337488293815        96.230389099844757     
   71.400000000000219        741.68838119862733        96.067386523190748     
   71.500000000000213        633.22439055919506        95.903326290209165     
   71.600000000000207        527.92106870162320        95.744752792724640     
   71.700000000000202        429.66003642394793        95.597989006767179     
   71.800000000000196        340.05790861633665        95.468884855121090     
   71.900000000000190        259.49900315384070        95.362584735926561     
   72.000000000000185        188.15748098593008        95.283323344328210     
   72.100000000000179        126.66868487501569        95.234257762885463     
   72.200000000000173        76.342402568478406        95.217342353918369     
   72.300000000000168        38.996758258404441        95.233251309959982     
   72.400000000000162        16.578594032763061        95.281351869063855     
   72.500000000000156        10.736734622408123        95.359729245452726     
   72.600000000000151        22.470491235519212        95.465262330682918     
   72.700000000000145        51.926022406078658        95.593747255038679     
   72.800000000000139        98.376849436907051        95.740064032198205     
   72.900000000000134        160.40024112843574        95.898379810032694     
   73.000000000000128        236.23316203614101        96.062380781555589     
   73.100000000000122        324.24226460324303        96.225523632393958     
   73.200000000000117        423.36556164924878        96.381296567036600     
   73.300000000000111        533.29969496362037        96.523479507385559     
   73.400000000000105        654.17384710517081        96.646393022199021     
   73.500000000000099        785.55064938027886        96.745125937010499     
   73.600000000000094        924.87896572979150        96.815732384741651     
   73.700000000000088        1065.9388234265239        96.855390261531738     
   73.800000000000082        1198.1547840617952        96.862514604648595     
   73.900000000000077        1307.6099070476039        96.836821245853557     
   74.000000000000071        1379.9833641408625        96.779338134996436     
   74.100000000000065        1404.6261996269043        96.692363884359509     
   74.200000000000060        1378.1332686535245        96.579375257577780     
   74.300000000000054        1305.6970724770274        96.444887420416691     
   74.400000000000048        1199.4602579119426        96.294272691823977     
   74.500000000000043        1074.5537983861796        96.133545200094403     
   74.600000000000037        944.62807819535681        95.969120192557924     
   74.700000000000031        818.77677101039978        95.807557717022476     
   74.800000000000026        700.84169724571291        95.655300957185730     
   74.900000000000020        590.82550026588819        95.518419649326418     
   75.000000000000014        487.28537627414380        95.402368738793086     
   75.100000000000009        389.48402700434673        95.311771773266472     
   75.200000000000003        298.55997150609153        95.250237510280442     
   75.299999999999997        217.61514446722998        95.220216884804273     
   75.399999999999991        151.05044436485807        95.222905892923578     
   75.499999999999986        103.60072522304132        95.258198159967776     
   75.599999999999980        79.418578195447665        95.324689040151682     
   75.699999999999974        81.382419470296426        95.419731106969451     
   75.799999999999969        110.66968022135644        95.539538907778606     
   75.899999999999963        166.58066206124846        95.679338941300003     
   75.999999999999957        246.61059139494080        95.833559041510483     
   76.099999999999952        346.80754231671381        95.996049781837229     
   76.199999999999946        462.47065106259532        96.160329211835631     
   76.299999999999940        589.18025254322777        96.319841260340652     
   76.399999999999935        723.96963698182617        96.468217530867932     
   76.499999999999929        866.17256046956447        96.599532010985783     
   76.599999999999923        1017.2595898866186        96.708538436476573     
   76.699999999999918        1179.0781793422179        96.790880694701656     
   76.799999999999912        1350.5743775956817        96.843267701705713     
   76.899999999999906        1524.2123468124014        96.863605606445162     
   76.999999999999901        1684.2888633937148        96.851081906311961     
   77.099999999999895        1809.1944288648947        96.806198027351769     
   77.199999999999889        1877.8655285066684        96.730749043672063     
   77.299999999999883        1877.9248431913115        96.627751388577252     
   77.399999999999878        1811.2165903832306        96.501321547111459     
   77.499999999999872        1693.3178016858017        96.356510720822627     
   77.599999999999866        1546.9856431002331        96.199102233667276     
   77.699999999999861        1393.1230595903442        96.035379928743083     
   77.799999999999855        1244.0919954008011        95.871876930849623     
   77.899999999999849        1102.3161562439836        95.715114879975104     
   77.999999999999844        963.72892724277165        95.571344055019821     
   78.099999999999838        823.19620362743058        95.446294703315615     
   78.199999999999832        678.85321109011659        95.344949384690437     
   78.299999999999827        533.79785617098992        95.271345258580340     
   78.399999999999821        395.34725552646182        95.228414030673477     
   78.499999999999815        273.02881184296444        95.217865782825925     
   78.599999999999810        176.48018785678104        95.240121194488410     
   78.699999999999804        113.91317370982850        95.294294788477387     
   78.799999999999798        91.254922500976946        95.378229864715209     
   78.899999999999793        111.77164504675741        95.488583790644086     
   78.999999999999787        175.91755790348196        95.620960365378409     
   79.099999999999781        281.24518397022609        95.770084135107538     
   79.199999999999775        422.37885300267209        95.930009877086306     
   79.299999999999770        591.24019750250386        96.094359052808812     
   79.399999999999764        777.86177477563706        96.256573916265822     
   79.499999999999758        972.10853890222768        96.410179201068146     
   79.599999999999753        1166.2685562829843        96.549040940154697     
   79.699999999999747        1357.6918464454600        96.667612019242767     
   79.799999999999741        1549.7422674226182        96.761154538823732     
   79.899999999999736        1749.1159427480582        96.825929949304083     
   79.999999999999730        1959.0567822468299        96.859349200005539     
   80.099999999999724        2171.1902040982745        96.860076755835522     
   80.199999999999719        2361.6378657083483        96.828084218389947     
   80.299999999999713        2496.5183987696769        96.764651359233767     
   80.399999999999707        2546.3749303390100        96.672314539938554     
   80.499999999999702        2501.6513895062003        96.554764658793943     
   80.599999999999696        2378.5708666955743        96.416698831067364     
   80.699999999999690        2210.4769800783506        96.263631887377798     
   80.799999999999685        2030.1116128157050        96.101675383257131     
   80.899999999999679        1854.6672325437651        95.937293087320043     
   80.999999999999673        1682.4673263017307        95.777042808324595     
   81.099999999999667        1501.0435360603519        95.627314904419350     
   81.199999999999662        1299.2004127503394        95.494077881605122     
   81.299999999999656        1075.2571810277220        95.382641141200196     
   81.399999999999650        838.36676641601093        95.297444201886023     
   81.499999999999645        604.72302096190037        95.241880637868363     
   81.599999999999639        392.35662328429834        95.218163588395257     
   81.699999999999633        217.24970071973294        95.227238060777964     
   81.799999999999628        91.582288363881361        95.268743430270106     
   81.899999999999622        23.588725799595938        95.341027600634860     
   81.999999999999616        18.118837589718122        95.441212296395463     
   82.099999999999611        77.198518398391528        95.565306980378082     
   82.199999999999605        200.21216587064524        95.708366997237874     
   82.299999999999599        383.57223958512094        95.864689803296642     
   82.399999999999594        619.93448095405574        96.028041620804899     
   82.499999999999588        897.31082494846794        96.191905611777955     
   82.599999999999582        1198.9035609908719        96.349741756971113     
   82.699999999999577        1504.9118029270662        96.495248093650162     
   82.799999999999571        1797.2802283532092        96.622612843027369     
   82.899999999999565        2066.5784103570036        96.726747260310319     
   82.999999999999559        2317.0883037779931        96.803489764938135     
   83.099999999999554        2564.1144703022487        96.849773033933843     
   83.199999999999548        2820.4210888421503        96.863747225781410     
   83.299999999999542        3077.7634179651236        96.844854285582954     
   83.399999999999537        3298.4759833931812        96.793850288104380     
   83.499999999999531        3429.7160682802919        96.712774915082548     
   83.599999999999525        3435.4082706071863        96.604869340914433     
   83.699999999999520        3321.9321213113808        96.474445918825097     
   83.799999999999514        3134.4408468266256        96.326715023875494     
   83.899999999999508        2925.0891307270354        96.167576134843713     
   83.999999999999503        2719.4352417474247        96.003381652700611     
   84.099999999999497        2507.3430887261461        95.840683004424875     
   84.199999999999491        2261.1761733680632        95.685969231198598     
   84.299999999999486        1962.1654229481405        95.545408492614300     
   84.399999999999480        1614.7159116969644        95.424602734778503     
   84.499999999999474        1243.2837282479320        95.328365188078735     
   84.599999999999469        879.96743038893385        95.260529412064727     
   84.699999999999463        553.35198688799801        95.223797334074121     
   84.799999999999457        283.58036574987079        95.219632187480741     
   84.899999999999451        82.750796415609813        95.248200503823085     
   84.999999999999446       -42.492150301122976        95.308365414182319     
   85.099999999999440       -88.548102930033096        95.397731535599718     
   85.199999999999434       -53.457706608691176        95.512739726403126     
   85.299999999999429        63.641783209049990        95.648808059095529     
   85.399999999999423        262.51242847920389        95.800513549573054     
   85.499999999999417        541.24152931389176        95.961807563696340     
   85.599999999999412        894.68132970271881        96.126256459821477     
   85.699999999999406        1311.5437363141218        96.287297976070391     
   85.799999999999400        1770.8784629195598        96.438503182500440     
   85.899999999999395        2240.8553580005937        96.573833527905194     
   85.999999999999389        2684.4612312452218        96.687882641127175     
   86.099999999999383        3074.2671113162050        96.776093102684058     
   86.199999999999378        3409.4038728924293        96.834939370340578     
   86.299999999999372        3717.8102743715535        96.862069388313557     
   86.399999999999366        4030.4429493346133        96.856399081105238     
   86.499999999999361        4339.9606191670600        96.818155859249615     
   86.599999999999355        4584.1682058483830        96.748869361323273     
   86.699999999999349        4684.0019551211099        96.651309830801722     
   86.799999999999343        4610.3632315341629        96.529376680034105     
   86.899999999999338        4412.3002555919138        96.387941830621202     
   86.999999999999332        4172.1501466817936        96.232654250698872     
   87.099999999999326        3932.4034530094891        96.069713657759777     
   87.199999999999321        3668.7166913172755        95.905622558978195     
   87.299999999999315        3328.7181201474446        95.746926615833488     
   87.399999999999309        2888.4302946730731        95.599953721518304     
   87.499999999999304        2373.3714155278194        95.470562162307857     
   87.599999999999298        1838.2348752569196        95.363907809293650     
   87.699999999999292        1335.0893676340756        95.284239481414986     
   87.799999999999287        896.38484962035818        95.234730473933695     
   87.899999999999281        536.30690661318636        95.217352807692734     
   87.999999999999275        259.98442280810815        95.232799080389029     
   88.099999999999270        70.849356764828016        95.280454953655550     
   88.199999999999264       -26.877774507518836        95.358423354526437     
   88.299999999999258       -29.031073341549387        95.463599474621631     
   88.399999999999253        66.822053588364128        95.591793684022704     
   88.499999999999247        260.51953085408388        95.737897608266238     
   88.599999999999241        549.87438091194713        95.896086913887544     
   88.699999999999235        932.33886178646799        96.060052875399236     
   88.799999999999230        1406.1675142411632        96.223253614443777     
   88.899999999999224        1968.0535150173439        96.379175062564372     
   88.999999999999218        2604.5193453304828        96.521591244630059     
   89.099999999999213        3279.6674589283384        96.644813439037108     
   89.199999999999207        3932.0343362999643        96.743918155781728     
   89.299999999999201        4497.1160395062498        96.814944678335522     
   89.399999999999196        4951.9215000329641        96.855054114265997     
   89.499999999999190        5338.8334562372193        96.862643447372790     
   89.599999999999184        5720.0583244584323        96.837409917120425     
   89.699999999999179        6086.8180353382586        96.780363090265439     
   89.799999999999173        6332.7481827013771        96.693784144368877     
   89.899999999999167        6353.9377875266200        96.581134056628784     
   89.999999999999162        6169.0860301420298        96.446914486712060     
   90.099999999999156        5898.7774283946910        96.296487066440761     
   90.199999999999150        5621.8773864818622        96.135858479722245     
   90.299999999999145        5295.0699307752075        95.971440064646714     
   90.399999999999139        4828.3369982053455        95.809791645048222     
   90.499999999999133        4202.8259626107283        95.657359868681027     
   90.599999999999127        3491.9717346299553        95.520221480186564     
   90.699999999999122        2792.0789581967410        95.403841693972211     
   90.799999999999116        2159.1098077620259        95.312857175920556     
   90.899999999999110        1603.3692791853441        95.250892128119986     
   90.999999999999105        1119.0001201082746        95.220414643178600     
   91.099999999999099        708.33251599279072        95.222638908159013     
   91.199999999999093        386.76511499785721        95.257477052839349     
   91.299999999999088        175.75145199584369        95.323542517152276     
   91.399999999999082        94.470194227728086        95.418204825289564     
   91.499999999999076        154.72558833247047        95.537693667648753     
   91.599999999999071        358.82674482663532        95.677248275602921     
   91.699999999999065        699.16293257678853        95.831306296384582     
   91.799999999999059        1159.4410319524725        95.993724802454793     
   91.899999999999054        1719.1295119544168        96.158024763808044     
   91.999999999999048        2362.2855095103014        96.317649328549493     
   92.099999999999042        3086.8264792580244        96.466225643366826     
   92.199999999999037        3901.3045800906934        96.597819735578341     
   92.299999999999031        4795.9894003661120        96.707174191502347     
   92.399999999999025        5703.0226772315673        96.789919003564762     
   92.499999999999019        6503.4018790899354        96.842747003155139     
   92.599999999999014        7119.2659071122735        96.863546710229457     
   92.699999999999008        7603.6874477195670        96.851487157512196     
   92.799999999999002        8068.1575957212845        96.807051213584302     
   92.899999999998997        8488.6989967453064        96.732016048741713     
   92.999999999998991        8685.8870384875045        96.629381565426343     
   93.099999999998985        8569.5144492068121        96.503249753430168     
   93.199999999998980        8277.6925912034512        96.358659933758446     
   93.299999999998974        7962.3297414889776        96.201386636850799     
   93.399999999998968        7565.4417765356093        96.037708346274258     
   93.499999999998963        6941.2585953383159        95.874156469664527     
   93.599999999998957        6096.7981883671619        95.717254634562806     
   93.699999999998951        5186.0705203777106        95.573258726946449     
   93.799999999998946        4328.6960939442279        95.447907992340660     
   93.899999999998940        3529.5446386902595        95.346197018112989     
   93.999999999998934        2748.5678175239668        95.272177540317983     
   94.099999999998929        1981.9912766483444        95.228797810796422     
   94.199999999998923        1273.0438450224913        95.217785771065635     
   94.299999999998917        680.15587093042848        95.239580566758619     
   94.399999999998911        250.50242531054326        95.293315062768315     
   94.499999999998906        13.179728133169114        95.376850050901069     
   94.599999999998900       -16.706794007607726        95.486858846805902     
   94.699999999998894        167.09123006104818        95.618959020213381     
   94.799999999998889        564.06976886623693        95.767886160906542     
   94.899999999998883        1165.1952337454084        95.927702919679689     
   94.999999999998877        1947.3147426447563        96.092035142932787     
   95.099999999998872        2866.7966713685269        96.254325800211134     
   95.199999999998866        3862.9222992889136        96.408096636591580     
   95.299999999998860        4884.9871159527083        96.547207105998027     
   95.399999999998855        5933.6086116984588        96.666100182962396     
   95.499999999998849        7055.9031864572862        96.760025117991972     
   95.599999999998843        8242.6055357249916        96.825228085779329     
   95.699999999998838        9334.5744551225216        96.859102946442263     
   95.799999999998832        10153.899861227304        96.860295948744195     
   95.899999999998826        10754.186853926552        96.828760083921480     
   95.999999999998820        11318.110306370836        96.765756867693028     
   96.099999999998815        11763.216111489060        96.673805494179106     
   96.199999999998809        11822.705782615805        96.556581471498262     
   96.299999999998803        11542.549808547445        96.418768917812443     
   96.399999999998798        11189.665548755907        96.265872577545721     
   96.499999999998792        10726.076769012048        96.103997230307087     
   96.599999999998786        9923.1518958290726        95.939603444491780     
   96.699999999998781        8841.1618962585617        95.779249526033581     
   96.799999999998775        7734.8420021222119        95.629330001696431     
   96.899999999998769        6670.1399858530958        95.495821045935344     
   96.999999999998764        5540.3933278977383        95.384042918794179     
   97.099999999998758        4316.4093494638919        95.298448753334725     
   97.199999999998752        3103.7535685234861        95.242447951685577     
   97.299999999998747        2028.5303167109371        95.218271066406700     
   97.399999999998741        1160.2516705753053        95.226881413845831     
   97.499999999998735        521.34999917467837        95.267936849550480     
   97.599999999998730        120.33622320730450        95.339803197515621     
   97.699999999998724       -33.139018401737630        95.439618832489558     
   97.799999999998718        70.065805514243266        95.563407936472757     
   97.899999999998712        433.45511438549227        95.706238055955779     
   97.999999999998707        1053.9881691337782        95.862415843456802     
   98.099999999998701        1926.4746814016517        96.025713341181302     
   98.199999999998695        3047.3850224986782        96.189615917319458     
   98.299999999998690        4403.2453686647159        96.347582050863011     
   98.399999999998684        5933.5237736907884        96.493304623323354     
   98.499999999998678        7505.5078962485732        96.620963247013250     
   98.599999999998673        8990.2820857202223        96.725457455596910     
   98.699999999998667        10413.754802765858        96.802611301371954     
   98.799999999998661        11899.070103869461        96.849341023680878     
   98.899999999998656        13330.441250922557        96.863778932629941     
   98.999999999998650        14389.299431375899        96.845348431914530     
   99.099999999998644        15121.338923296184        96.794787107850226     
   99.199999999998639        15796.037599003446        96.714116950239244     
   99.299999999998633        16177.384887272905        96.606562948594913     
   99.399999999998627        16006.102339921510        96.476423426738393     
   99.499999999998622        15621.866722040491        96.328897445837853     
   99.599999999998616        15110.273909582571        96.169876335539200     
   99.699999999998610        14124.314137224399        96.005707833329552     
   99.799999999998604        12796.665795503086        95.842942368751181     
   99.899999999998599        11469.966139481667        95.688071685206566     
   99.999999999998593        10037.280501940320        95.547270230622573     
