   5.0000000000000003E-002  0.13057337841902458       -6.5263096110025794E-003
  0.10000000000000001       0.12992155628479923       -1.3036442684506759E-002
  0.15000000000000002       0.12894584324951855       -1.9514260705613445E-002
  0.20000000000000001       0.12764865819143345       -2.5943701161702033E-002
  0.25000000000000000       0.12603321741967177       -3.2308815435233437E-002
  0.29999999999999999       0.12410352709148798       -3.8593806563676003E-002
  0.34999999999999998       0.12186437375061034       -4.4783066817552709E-002
  0.39999999999999997       0.11932131299842383       -5.0861215043730285E-002
  0.44999999999999996       0.11648065631260292       -5.6813133716418274E-002
  0.49999999999999994       0.11334945603095078       -6.2624005633042684E-002
  0.54999999999999993       0.10993548852163339       -6.8279350186347940E-002
  0.59999999999999998       0.10624723556473731       -7.3765059137921682E-002
  0.65000000000000002       0.10229386397413723       -7.9067431812001654E-002
  0.70000000000000007        9.8085203493032486E-002  -8.4173209622094819E-002
  0.75000000000000011        9.3631723001192421E-002  -8.9069609836801317E-002
  0.80000000000000016        8.8944505076918423E-002  -9.3744358485479878E-002
  0.85000000000000020        8.4035218961958411E-002  -9.8185722299200126E-002
  0.90000000000000024        7.8916091983059392E-002 -0.10238253957798027     
  0.95000000000000029        7.3599879489470818E-002 -0.10632424987177147     
   1.0000000000000002        6.8099833371462110E-002 -0.11000092236017422     
   1.0500000000000003        6.2429669230732628E-002 -0.11340328281458961     
   1.1000000000000003        5.6603532279406218E-002 -0.11652273902652813     
   1.1500000000000004        5.0635962050045946E-002 -0.11935140458720540     
   1.2000000000000004        4.4541856004725759E-002 -0.12188212090640377     
   1.2500000000000004        3.8336432136580931E-002 -0.12410847736289651     
   1.3000000000000005        3.2035190662355169E-002 -0.12602482948451521     
   1.3500000000000005        2.5653874909197568E-002 -0.12762631506315200     
   1.4000000000000006        1.9208431503269431E-002 -0.12890886811856275     
   1.4500000000000006        1.2714969971535586E-002 -0.12986923063467690     
   1.5000000000000007        6.1897218713805871E-003 -0.13050496200309997     
   1.5500000000000007       -3.5100043464276424E-004 -0.13081444612046703     
   1.6000000000000008       -6.8908452395975272E-003 -0.13079689609909526     
   1.6500000000000008       -1.3413463067787623E-002 -0.13045235656380191     
   1.7000000000000008       -1.9902548243867359E-002 -0.12978170352159474     
   1.7500000000000009       -2.6341880334116861E-002 -0.12878664180499003     
   1.8000000000000009       -3.2715365339304373E-002 -0.12746970010375025     
   1.8500000000000010       -3.9007076519986292E-002 -0.12583422361363836     
   1.9000000000000010       -4.5201294737193615E-002 -0.12388436434414637     
   1.9500000000000011       -5.1282548194186976E-002 -0.12162506913986725     
   2.0000000000000009       -5.7235651468289572E-002 -0.11906206548205196     
   2.0500000000000007       -6.3045743725677533E-002 -0.11620184514775914     
   2.1000000000000005       -6.8698326016363206E-002 -0.11305164581371352     
   2.1500000000000004       -7.4179297551384304E-002 -0.10961943070042196     
   2.2000000000000002       -7.9474990869342121E-002 -0.10591386635915633     
   2.2500000000000000       -8.4572205804844133E-002 -0.10194429871004017     
   2.2999999999999998       -8.9458242177025943E-002  -9.7720727443636177E-002
   2.3499999999999996       -9.4120931122082155E-002  -9.3253778901124310E-002
   2.3999999999999995       -9.8548664999552907E-002  -8.8554677549415123E-002
   2.4499999999999993      -0.10273042580792384       -8.3635216167418591E-002
   2.4999999999999991      -0.10665581205083746       -7.8507724858272412E-002
   2.5499999999999989      -0.11031506400082432       -7.3185038999737148E-002
   2.5999999999999988      -0.11369908731289050       -6.7680466241323622E-002
   2.6499999999999986      -0.11679947494549962       -6.2007752652182432E-002
   2.6999999999999984      -0.11960852735142589       -5.6181048118525513E-002
   2.7499999999999982      -0.12211927090560307       -5.0214871083543326E-002
   2.7999999999999980      -0.12432547454143379       -4.4124072716614601E-002
   2.8499999999999979      -0.12622166457104711       -3.7923800592266514E-002
   2.8999999999999977      -0.12780313766869802       -3.1629461953018398E-002
   2.9499999999999975      -0.12906597199990363       -2.5256686624112307E-002
   2.9999999999999973      -0.13000703648202211       -1.8821289642369683E-002
   3.0499999999999972      -0.13062399816483078       -1.2339233656173457E-002
   3.0999999999999970      -0.13091532772228076       -5.8265911489997924E-003
   3.1499999999999968      -0.13088030304903753        7.0049346486446458E-004
   3.1999999999999966      -0.13051901095770332        7.2258418266840036E-003
   3.2499999999999964      -0.12983234697480728        1.3733279657921069E-002
   3.2999999999999963      -0.12882201323579254        2.0206674780294986E-002
   3.3499999999999961      -0.12749051448137888        2.6629975088273274E-002
   3.3999999999999959      -0.12584115215988556        3.2987246429866543E-002
   3.4499999999999957      -0.12387801664241312        3.9262710349448837E-002
   3.4999999999999956      -0.12160597756025181        4.5440781643226173E-002
   3.5499999999999954      -0.11903067227655131        5.1506105674009824E-002
   3.5999999999999952      -0.11615849250719021        5.7443595387222129E-002
   3.6499999999999950      -0.11299656910895532        6.3238467964697717E-002
   3.6999999999999948      -0.10955275505660599        6.8876281046986634E-002
   3.7499999999999947      -0.10583560663417201        7.4342968448679603E-002
   3.7999999999999945      -0.10185436286992540        7.9624875284932006E-002
   3.8499999999999943       -9.7618923248873113E-002   8.4708792421045731E-002
   3.8999999999999941       -9.3139823741329994E-002   8.9581990150862351E-002
   3.9499999999999940       -8.8428211191129147E-002   9.4232251004016984E-002
   3.9999999999999938       -8.3495816112280019E-002   9.8647901576982569E-002
   4.0499999999999936       -7.8354923948356164E-002  0.10281784327847705     
   4.0999999999999934       -7.3018344854537370E-002  0.10673158187637578     
   4.1499999999999932       -6.7499382067991484E-002  0.11037925573091778     
   4.1999999999999931       -6.1811798938099155E-002  0.11375166259784650     
   4.2499999999999929       -5.5969784693834596E-002  0.11684028488529125     
   4.2999999999999927       -4.9987919031346868E-002  0.11963731324975449     
   4.3499999999999925       -4.3881135610368036E-002  0.12213566841957665     
   4.3999999999999924       -3.7664684553431735E-002  0.12432902113872606     
   4.4499999999999922       -3.1354094046946702E-002  0.12621181012970059     
   4.4999999999999920       -2.4965131147862245E-002  0.12777925798168915     
   4.5499999999999918       -1.8513761903919453E-002  0.12902738487885584     
   4.5999999999999917       -1.2016110899240528E-002  0.12995302009357851     
   4.6499999999999915       -5.4884203402121388E-003  0.13055381118056777     
   4.6999999999999913        1.0529912007809020E-003  0.13082823081986081     
   4.7499999999999911        7.5917702642584687E-003  0.13077558126955133     
   4.7999999999999909        1.4111570084387987E-002  0.13039599640259036     
   4.8499999999999908        2.0596092150181298E-002  0.12969044131586621     
   4.8999999999999906        2.7029127625872753E-002  0.12866070951382907     
   4.9499999999999904        3.3394598510020169E-002  0.12730941768294837     
   4.9999999999999902        3.9676598414373092E-002  0.12563999808705842     
   5.0499999999999901        4.5859432845720513E-002  0.12365668862694840     
   5.0999999999999899        5.1927658876729649E-002  0.12136452062018264     
   5.1499999999999897        5.7866124095175164E-002  0.11876930436891024     
   5.1999999999999895        6.3660004724883687E-002  0.11587761259417051     
   5.2499999999999893        6.9294842816122609E-002  0.11269676182477853     
   5.2999999999999892        7.4756582407980804E-002  0.10923479183716384     
   5.3499999999999890        8.0031604570453066E-002  0.10550044324944514     
   5.3999999999999888        8.5106761239377798E-002  0.10150313337849461     
   5.4499999999999886        8.9969407763015180E-002   9.7252930472747773E-002
   5.4999999999999885        9.4607434084817754E-002   9.2760526436051580E-002
   5.5499999999999883        9.9009294492765076E-002   8.8037208158946542E-002
   5.5999999999999881       0.10316403587144064        8.3094827573511401E-002
   5.6499999999999879       0.10706132439875814        7.7945770546349935E-002
   5.6999999999999877       0.11069147063483735        7.2602924721584292E-002
   5.7499999999999876       0.11404545295593602        6.7079646421973213E-002
   5.7999999999999874       0.11711493929151864        6.1389726711652590E-002
   5.8499999999999872       0.11989230712745205        5.5547356718668117E-002
   5.8999999999999870       0.12237066174293285        4.9567092309615909E-002
   5.9499999999999869       0.12454385265305849        4.3463818202512876E-002
   5.9999999999999867       0.12640648823294209        3.7252711597672183E-002
   6.0499999999999865       0.12795394850294445        3.0949205400046864E-002
   6.0999999999999863       0.12918239605796475        2.4568951100405859E-002
   6.1499999999999861       0.13008878512681435        1.8127781376992006E-002
   6.1999999999999860       0.13067086875052117        1.1641672474136154E-002
   6.2499999999999858       0.13092720407101144        5.1267064098055757E-003
   6.2999999999999856       0.13085715572402981       -1.4009669396325671E-003
   6.3499999999999854       0.13046089733243216       -7.9251678319533052E-003
   6.3999999999999853       0.12973941109816844       -1.4429724685274085E-002
   6.4499999999999851       0.12869448549341442       -2.0898512095080722E-002
   6.4999999999999849       0.12732871105346324       -2.7315488799023471E-002
   6.5499999999999847       0.12564547427620465       -3.3664735545171943E-002
   6.5999999999999845       0.12364894963534653       -3.9930492817162329E-002
   6.6499999999999844       0.12134408971702283       -4.6097198366473954E-002
   6.6999999999999842       0.11873661349212189       -5.2149524498018865E-002
   6.7499999999999840       0.11583299273960065       -5.8072415050424632E-002
   6.7999999999999838       0.11264043663925237       -6.3851122006965758E-002
   6.8499999999999837       0.10916687455589240       -6.9471241667199327E-002
   6.8999999999999835       0.10542093704073496       -7.4918750303148804E-002
   6.9499999999999833       0.10141193507985845       -8.0180039217530336E-002
   6.9999999999999831        9.7149837624097846E-002  -8.5241949115212018E-002
   7.0499999999999829        9.2645247439446590E-002  -9.0091803693025205E-002
   7.0999999999999828        8.7909375322076752E-002  -9.4717442347396680E-002
   7.1499999999999826        8.2954012727365536E-002  -9.9107251894224271E-002
   7.1999999999999824        7.7791502867807866E-002 -0.10325019719115346     
   7.2499999999999822        7.2434710340353342E-002 -0.10713585054909047     
   7.2999999999999821        6.6896989349475453E-002 -0.11075441981755769     
   7.3499999999999819        6.1192150598101194E-002 -0.11409677502748514     
   7.3999999999999817        5.5334426924334018E-002 -0.11715447347534350     
   7.4499999999999815        4.9338437767622187E-002 -0.11991978313423667     
   7.4999999999999813        4.3219152553585438E-002 -0.12238570428073489     
   7.5499999999999812        3.6991853092042240E-002 -0.12454598923086403     
   7.5999999999999810        3.0672095087804243E-002 -0.12639516008475993     
   7.6499999999999808        2.4275668868453854E-002 -0.12792852438700775     
   7.6999999999999806        1.7818559437526811E-002 -0.12914218861854085     
   7.7499999999999805        1.1316905965223327E-002 -0.13003306944606965     
   7.7999999999999803        4.7869608319124441E-003 -0.13059890266621765     
   7.8499999999999801       -1.7549516577727818E-003 -0.13083824979370451     
   7.8999999999999799       -8.2924767705656564E-003 -0.13075050225585749     
   7.9499999999999797       -1.4809270929028628E-002 -0.13033588316925940     
   7.9999999999999796       -2.1289043263440825E-002 -0.12959544668824391     
   8.0499999999999794       -2.7715597009891558E-002 -0.12853107492901467     
   8.0999999999999801       -3.4072870634249991E-002 -0.12714547248716865     
   8.1499999999999808       -4.0344978563256639E-002 -0.12544215858013300     
   8.1999999999999815       -4.6516251406219719E-002 -0.12342545685926153     
   8.2499999999999822       -5.2571275553663949E-002 -0.12110048294888452     
   8.2999999999999829       -5.8494932042727731E-002 -0.11847312978127561     
   8.3499999999999837       -6.4272434583084140E-002 -0.11555005080712824     
   8.3999999999999844       -6.9889366641613090E-002 -0.11233864117057897     
   8.4499999999999851       -7.5331717488911043E-002 -0.10884701694595915     
   8.4999999999999858       -8.0585917115921779E-002 -0.10508399254021469     
   8.5499999999999865       -8.5638869934434148E-002 -0.10105905637024734     
   8.5999999999999872       -9.0477987180847930E-002  -9.6782344928275546E-002
   8.6499999999999879       -9.5091217948382614E-002  -9.2264615350693566E-002
   8.6999999999999886       -9.9467078778725640E-002  -8.7517216606860446E-002
   8.7499999999999893      -0.10359468174991766       -8.2552059423840515E-002
   8.7999999999999901      -0.10746376100298954       -7.7381585061437483E-002
   8.8499999999999908      -0.11106469765544111       -7.2018733049031211E-002
   8.8999999999999915      -0.11438854305503506       -6.6476907991878942E-002
   8.9499999999999922      -0.11742704033252692       -6.0769945549837390E-002
   8.9999999999999929      -0.12017264421683040       -5.4912077686069427E-002
   9.0499999999999936      -0.12261853908070038       -4.8917897277399688E-002
   9.0999999999999943      -0.12475865518928857       -4.2802322171763815E-002
   9.1499999999999950      -0.12658768312788080       -3.6580558771844705E-002
   9.1999999999999957      -0.12810108638876536       -3.0268065217690984E-002
   9.2499999999999964      -0.12929511210051775       -2.3880514235047761E-002
   9.2999999999999972      -0.13016679988604102       -1.7433755710465342E-002
   9.3499999999999979      -0.13071398883849816       -1.0943779049142916E-002
   9.3999999999999986      -0.13093532260685059       -4.4266753670485597E-003
   9.4499999999999993      -0.13083025258511316        2.1014004347486848E-003
   9.5000000000000000      -0.13039903920169821        8.6242676682992889E-003
   9.5500000000000007      -0.12964275130739641        1.5125757886035606E-002
   9.6000000000000014      -0.12856326366268292        2.1589752894269631E-002
   9.6500000000000021      -0.12716325252719368        2.8000222709784865E-002
   9.7000000000000028      -0.12544618935644286        3.4341263415016164E-002
   9.7500000000000036      -0.12341633261319528        4.0597134864951798E-002
   9.8000000000000043      -0.12107871770341531        4.6752298195599264E-002
   9.8500000000000050      -0.11843914504942947        5.2791453079716971E-002
   9.9000000000000057      -0.11550416631589761        5.8699574670637265E-002
   9.9500000000000064      -0.11228106880742145        6.4461950169523205E-002
   10.000000000000007      -0.10877785806014843        7.0064214945460210E-002
   10.050000000000008      -0.10500323865357100        7.5492388131548613E-002
   10.100000000000009      -0.10096659327288052        8.0732907613809746E-002
   10.150000000000009       -9.6677960056709020E-002   8.5772664323430059E-002
   10.200000000000010       -9.2148008269867382E-002   9.0599035736832811E-002
   10.250000000000011       -8.7388012345743768E-002   9.5199918482472362E-002
   10.300000000000011       -8.2409824348329969E-002   9.9563759948275987E-002
   10.350000000000012       -7.7225844909355662E-002  0.10367958877948606     
   10.400000000000013       -7.1848992701683434E-002  0.10753704415344451     
   10.450000000000014       -6.6292672515895629E-002  0.11112640371575601     
   10.500000000000014       -6.0570742012826001E-002  0.11443861006139255     
   10.550000000000015       -5.4697477230588001E-002  0.11746529564476006     
   10.600000000000016       -4.8687536930357281E-002  0.12019880600461441     
   10.650000000000016       -4.2555925870705544E-002  0.12263222119303475     
   10.700000000000017       -3.6317957105582846E-002  0.12475937530245387     
   10.750000000000018       -2.9989213406033159E-002  0.12657487399099371     
   10.800000000000018       -2.3585507910332506E-002  0.12807410991401308     
   10.850000000000019       -1.7122844111394107E-002  0.12925327597876796     
   10.900000000000020       -1.0617375293928779E-002  0.13010937634930658     
   10.950000000000021       -4.0853635369268448E-003  0.13064023514003867     
   11.000000000000021        2.4568616005067982E-003  0.13084450274867285     
   11.050000000000022        8.9929445901183527E-003  0.13072165979223108     
   11.100000000000023        1.5506545521289584E-002  0.13027201862342463     
   11.150000000000023        2.1981381642220028E-002  0.12949672241860891     
   11.200000000000024        2.8401268734350102E-002  0.12839774184260147     
   11.250000000000025        3.4750162199831847E-002  0.12697786930963492     
   11.300000000000026        4.1012197743501871E-002  0.12524071087340047     
   11.350000000000026        4.7171731533117441E-002  0.12319067579231140     
   11.400000000000027        5.3213379724546303E-002  0.12083296382857719     
   11.450000000000028        5.9122057242108554E-002  0.11817355035124498     
   11.500000000000028        6.4883015708302211E-002  0.11521916932387324     
   11.550000000000029        7.0481880421642856E-002  0.11197729426681277     
   11.600000000000030        7.5904686286246317E-002  0.10845611729206921     
   11.650000000000031        8.1137912602012668E-002  0.10466452631532693     
   11.700000000000031        8.6168516629756192E-002  0.10061208055487050     
   11.750000000000032        9.0983965851297560E-002   9.6308984430827221E-002
   11.800000000000033        9.5572268850316500E-002   9.1766059980378831E-002
   11.850000000000033        9.9922004745586199E-002   8.6994717905394037E-002
   11.900000000000034       0.10402235111400530        8.2006927368382193E-002
   11.950000000000035       0.10786311034654826        7.6815184650859195E-002
   12.000000000000036       0.11143473438581165        7.1432480785267871E-002
   12.050000000000036       0.11472834779919405        6.5872268267647957E-002
   12.100000000000037       0.11773576914686722        6.0148426953463278E-002
   12.150000000000038       0.12044953060854412        5.4275229233537996E-002
   12.200000000000038       0.12286289583759966        4.8267304581110802E-002
   12.250000000000039       0.12496987601533834        4.2139603554773516E-002
   12.300000000000040       0.12676524408212361        3.5907361335705767E-002
   12.350000000000041       0.12824454712569042        2.9586060871336181E-002
   12.400000000000041       0.12940411691026693        2.3191395691530191E-002
   12.450000000000042       0.13024107853315658        1.6739232457792956E-002
   12.500000000000043       0.13075335719820333        1.0245573300935163E-002
   12.550000000000043       0.13093968309811910        3.7265179983155461E-003
   12.600000000000044       0.13079959440003217       -2.8017739617386414E-003
   12.650000000000045       0.13033343833086564       -9.3231213833306140E-003
   12.700000000000045       0.12954237036132429       -1.5821359390826815E-002
   12.750000000000046       0.12842835148940776       -2.2280377438330834E-002
   12.800000000000047       0.12699414362652978       -2.8684157257559732E-002
   12.850000000000048       0.12524330309155926       -3.5016810699410192E-002
   12.900000000000048       0.12318017222045732       -4.1262617422038864E-002
   12.950000000000049       0.12080986910171267       -4.7406062374893108E-002
   13.000000000000050       0.11813827545051746       -5.3431873023904175E-002
   13.050000000000050       0.11517202263761213       -5.9325056258106627E-002
   13.100000000000051       0.11191847589199172       -6.5070934912408077E-002
   13.150000000000052       0.10838571670022909       -7.0655183835252475E-002
   13.200000000000053       0.10458252342904589       -7.6063865423663821E-002
   13.250000000000053       0.10051835020195581       -8.1283464541801811E-002
   13.300000000000054        9.6203304065311260E-002  -8.6300922732891000E-002
   13.350000000000055        9.1648120483891843E-002  -9.1103671628388297E-002
   13.400000000000055        8.6864137211255951E-002  -9.5679665452717763E-002
   13.450000000000056        8.1863266585405520E-002 -0.10001741251700852     
   13.500000000000057        7.6657966305845746E-002 -0.10410600559119552     
   13.550000000000058        7.1261208753808550E-002 -0.10793515104074380     
   13.600000000000058        6.5686448923194654E-002 -0.11149519661227801     
   13.650000000000059        5.9947591035611474E-002 -0.11477715775166356     
   13.700000000000060        5.4058953918676877E-002 -0.11777274233869191     
   13.750000000000060        4.8035235232449708E-002 -0.12047437372454337     
   13.800000000000061        4.1891474634365759E-002 -0.12287521196167898     
   13.850000000000062        3.5643015978327641E-002 -0.12496917312076243     
   13.900000000000063        2.9305468648546877E-002 -0.12675094659561528     
   13.950000000000063        2.2894668133296110E-002 -0.12821601030501537     
   14.000000000000064        1.6426635947832179E-002 -0.12936064370927861     
   14.050000000000065        9.9175390193366429E-003 -0.13018193856991073     
   14.100000000000065        3.3836486497345738E-003 -0.13067780739204138     
   14.150000000000066       -3.1587008253503171E-003 -0.13084698950169782     
   14.200000000000067       -9.6931535615033225E-003 -0.13068905472306011     
   14.250000000000068       -1.6203373793226547E-002 -0.13020440463446445     
   14.300000000000068       -2.2673087363020438E-002 -0.12939427139587781     
   14.350000000000069       -2.9086123070752312E-002 -0.12826071415463747     
   14.400000000000070       -3.5426453723262967E-002 -0.12680661305021307     
   14.450000000000070       -4.1678236765882393E-002 -0.12503566085238857     
   14.500000000000071       -4.7825854379900792E-002 -0.12295235228036805     
   14.550000000000072       -5.3853952933034924E-002 -0.12056197106268267     
   14.600000000000072       -5.9747481673496750E-002 -0.11787057480923643     
   14.650000000000073       -6.5491730562357450E-002 -0.11488497777721410     
   14.700000000000074       -7.1072367143444892E-002 -0.11161273162174884     
   14.750000000000075       -7.6475472354949947E-002 -0.10806210423010099     
   14.800000000000075       -8.1687575192177467E-002 -0.10424205674455043     
   14.850000000000076       -8.6695686136387742E-002 -0.10016221888420551     
   14.900000000000077       -9.1487329270360726E-002  -9.5832862679459591E-002
   14.950000000000077       -9.6050573007105594E-002  -9.1264874734897333E-002
   15.000000000000078      -0.10037405936396089       -8.6469727137105989E-002
   15.050000000000079      -0.10444703172011872       -8.1459447123156753E-002
   15.100000000000080      -0.10825936100129786       -7.6246585623582691E-002
   15.150000000000080      -0.11180157024082873       -7.0844184790617562E-002
   15.200000000000081      -0.11506485747174944       -6.5265744618413932E-002
   15.250000000000082      -0.11804111690960405       -5.9525188757092042E-002
   15.300000000000082      -0.12072295839045172       -5.3636829616953374E-002
   15.350000000000083      -0.12310372503311219       -4.7615332853209416E-002
   15.400000000000084      -0.12517750909887779       -4.1475681315312068E-002
   15.450000000000085      -0.12693916602580863       -3.5233138538616905E-002
   15.500000000000085      -0.12838432661830099       -2.8903211849847472E-002
   15.550000000000086      -0.12950940737589278       -2.2501615151835967E-002
   15.600000000000087      -0.13031161894826568       -1.6044231447457927E-002
   15.650000000000087      -0.13078897270615106       -9.5470751577077587E-003
   15.700000000000088      -0.13094028542038161       -3.0262542846108279E-003
   15.750000000000089      -0.13076518204369408        3.5020675337505587E-003
   15.800000000000090      -0.13026409659212829        1.0021709031316217E-002
   15.850000000000090      -0.12943827112503031        1.6516509341959629E-002
   15.900000000000091      -0.12828975282480826        2.2970366004441280E-002
   15.950000000000092      -0.12682138917975547        2.9367272901055664E-002
   16.000000000000092      -0.12503682127550339        3.5691358085041612E-002
   16.050000000000093      -0.12294047520304041        4.1926921449259656E-002
   16.100000000000094      -0.12053755159378253        4.8058472185157707E-002
   16.150000000000095      -0.11783401329494560        5.4070765976738669E-002
   16.200000000000095      -0.11483657120148433        5.9948841869225285E-002
   16.250000000000096      -0.11155266826415819        6.5678058746522855E-002
   16.300000000000097      -0.10799046169688009        7.1244131345561984E-002
   16.350000000000097      -0.10415880341041370        7.6633165729327948E-002
   16.400000000000098      -0.10006721870371230        8.1831694134028077E-002
   16.450000000000099       -9.5725883248732352E-002   8.6826709099598817E-002
   16.500000000000099       -9.1145598409392445E-002   9.1605696786798224E-002
   16.550000000000100       -8.6337764940459763E-002   9.6156669378653678E-002
   16.600000000000101       -8.1314355117498696E-002  0.10046819645922139     
   16.650000000000102       -7.6087883354566926E-002  0.10452943525863546     
   16.700000000000102       -7.0671375372044987E-002  0.10833015965043868     
   16.750000000000103       -6.5078335982778152E-002  0.11186078778533662     
   16.800000000000104       -5.9322715570532127E-002  0.11511240824492046     
   16.850000000000104       -5.3418875340549163E-002  0.11807680459965930     
   16.900000000000105       -4.7381551427667257E-002  0.12074647825763811     
   16.950000000000106       -4.1225817952959584E-002  0.12311466949415352     
   17.000000000000107       -3.4967049125090265E-002  0.12517537655738634     
   17.050000000000107       -2.8620880487493984E-002  0.12692337275192564     
   17.100000000000108       -2.2203169417000380E-002  0.12835422140987204     
   17.150000000000109       -1.5729954983574660E-002  0.12946428866851442     
   17.200000000000109       -9.2174172843724825E-003  0.13025075398404357     
   17.250000000000110       -2.6818363682575589E-003  0.13071161832229847     
   17.300000000000111        3.8604491307411663E-003  0.13084570997997449     
   17.350000000000112        1.0393083530884910E-002  0.13065268800287486     
   17.400000000000112        1.6899735689957764E-002  0.13013304318145705     
   17.450000000000113        2.3364140520853061E-002  0.12928809661790591     
   17.500000000000114        2.9770140314504753E-002  0.12811999587303383     
   17.550000000000114        3.6101725750267169E-002  0.12663170871524826     
   17.600000000000115        4.2343076475638161E-002  0.12482701450741987     
   17.650000000000116        4.8478601139664193E-002  0.12271049328052062     
   17.700000000000117        5.4492976767423484E-002  0.12028751255518585     
   17.750000000000117        6.0371187366608792E-002  0.11756421198370619     
   17.800000000000118        6.6098561661369654E-002  0.11454748589521718     
   17.850000000000119        7.1660809853164253E-002  0.11124496383589194     
   17.900000000000119        7.7044059313346666E-002  0.10766498920364823     
   17.950000000000120        8.2234889117505650E-002  0.10381659608317956     
   18.000000000000121        8.7220363337103743E-002   9.9709484391961839E-002
   18.050000000000122        9.1988063009666679E-002   9.5353993451258612E-002
   18.100000000000122        9.6526116714569857E-002   9.0761074098063457E-002
   18.150000000000123       0.10082322968729106        8.5942259454424019E-002
   18.200000000000124       0.10486871141077916        8.0909634469762196E-002
   18.250000000000124       0.10865250162826617        7.5675804349740236E-002
   18.300000000000125       0.11216519472736852        7.0253861982047056E-002
   18.350000000000126       0.11539806245063540        6.4657354465337671E-002
   18.400000000000126       0.11834307489276605        5.8900248842612968E-002
   18.450000000000127       0.12099291974950360        5.2996897134751059E-002
   18.500000000000128       0.12334101978769753        4.6962000763878499E-002
   18.550000000000129       0.12538154851019689        4.0810574449987265E-002
   18.600000000000129       0.12710944399308935        3.4557909657848940E-002
   18.650000000000130       0.12852042087634113        2.8219537665035484E-002
   18.700000000000131       0.12961098049213624        2.1811192315901909E-002
   18.750000000000131       0.13037841911818046        1.5348772520884553E-002
   18.800000000000132       0.13082083434595893        8.8483045555690972E-003
   18.850000000000133       0.13093712955644971        2.3259042098155982E-003
   18.900000000000134       0.13072701649814492       -4.2022611660955137E-003
   18.950000000000134       0.13019101596445865       -1.0720010673725418E-002
   19.000000000000135       0.12933045656975986       -1.7211187893975646E-002
   19.050000000000136       0.12814747162540871       -2.3659698887022840E-002
   19.100000000000136       0.12664499411934771       -3.0049550121220184E-002
   19.150000000000137       0.12482674980505741       -3.6364886285806010E-002
   19.200000000000138       0.12269724840807780       -4.2590027939592170E-002
   19.250000000000139       0.12026177296086636       -4.8709508944228909E-002
   19.300000000000139       0.11752636727955369       -5.4708113626253302E-002
   19.350000000000140       0.11449782159920163       -6.0570913607041331E-002
   19.400000000000141       0.11118365638749483       -6.6283304234135962E-002
   19.450000000000141       0.10759210436042636       -7.1831040541369393E-002
   19.500000000000142       0.10373209072748113       -7.7200272658904667E-002
   19.550000000000143        9.9613211698082668E-002  -8.2377580587969318E-002
   19.600000000000144        9.5245711285641355E-002  -8.7350008248826175E-002
   19.650000000000144        9.0640456450410689E-002  -9.2105096704613379E-002
   19.700000000000145        8.5808910627497084E-002  -9.6630916458272084E-002
   19.750000000000146        8.0763105691744649E-002 -0.10091609871504861     
   19.800000000000146        7.5515612416785727E-002 -0.10494986549917831     
   19.850000000000147        7.0079509491261321E-002 -0.10872205851048815     
   19.900000000000148        6.4468351161014653E-002 -0.11222316660493344     
   19.950000000000149        5.8696133571883191E-002 -0.11544435178262925     
   20.000000000000149        5.2777259893491107E-002 -0.11837747356784159     
   20.050000000000150        4.6726504310104403E-002 -0.12101511166773406     
   20.100000000000151        4.0558974970081395E-002 -0.12335058680046010     
   20.150000000000151        3.4290075990658683E-002 -0.12537797958845415     
   20.200000000000152        2.7935468619684479E-002 -0.12709214741948410     
   20.250000000000153        2.1511031660378183E-002 -0.12848873918612588     
   20.300000000000153        1.5032821269192077E-002 -0.12956420782372213     
   20.350000000000154        8.5170302403181908E-003 -0.13031582057747773     
   20.400000000000155        1.9799468932691182E-003 -0.13074166694098144     
   20.450000000000156       -4.5620863177790582E-003 -0.13084066422096352     
   20.500000000000156       -1.1092714352594839E-002 -0.13061256069631560     
   20.550000000000157       -1.7595611170250540E-002 -0.13005793635311400     
   20.600000000000158       -2.4054521229819877E-002 -0.12917820119138676     
   20.650000000000158       -3.0453300785491418E-002 -0.12797559111343079     
   20.700000000000159       -3.6775958856361327E-002 -0.12645316141739812     
   20.750000000000160       -4.3006697753031987E-002 -0.12461477793341322     
   20.800000000000161       -4.9129953045654401E-002 -0.12246510585244827     
   20.850000000000161       -5.5130432861173209E-002 -0.12000959631037608     
   20.900000000000162       -6.0993156401216310E-002 -0.11725447080086204     
   20.950000000000163       -6.6703491576260987E-002 -0.11420670350089360     
   21.000000000000163       -7.2247191656343218E-002 -0.11087400160164451     
   21.050000000000164       -7.7610430843589706E-002 -0.10726478374492988     
   21.100000000000165       -8.2779838677172257E-002 -0.10338815667165091     
   21.150000000000166       -8.7742533186837918E-002  -9.9253890193313349E-002
   21.200000000000166       -9.2486152716883777E-002  -9.4872390600917192E-002
   21.250000000000167       -9.6998886348247632E-002  -9.0254672627276988E-002
   21.300000000000168      -0.10126950285220716       -8.5412330079190565E-002
   21.350000000000168      -0.10528737811495248       -8.0357505254906259E-002
   21.400000000000169      -0.10904252097795991       -7.5102857260148564E-002
   21.450000000000170      -0.11252559744459370       -6.9661529332675651E-002
   21.500000000000171      -0.11572795320864902       -6.4047115281106570E-002
   21.550000000000171      -0.11864163446558573       -5.8273625138734152E-002
   21.600000000000172      -0.12125940697195607       -5.2355450127406736E-002
   21.650000000000173      -0.12357477332298118       -4.6307327020502095E-002
   21.700000000000173      -0.12558198842236706       -4.0144301987717755E-002
   21.750000000000174      -0.12727607312226960       -3.3881693998050987E-002
   21.800000000000175      -0.12865282601482569       -2.7535057851122143E-002
   21.850000000000176      -0.12970883335987979       -2.1120146901081951E-002
   21.900000000000176      -0.13044147713647478       -1.4652875531899569E-002
   21.950000000000177      -0.13084894120837484       -8.1492814380011123E-003
   22.000000000000178      -0.13093021559638221       -1.6254877601473532E-003
   22.050000000000178      -0.13068509885254281        4.9023348767881321E-003
   22.100000000000179      -0.13011419853355441        1.1418006379767906E-002
   22.150000000000180      -0.12921892977284516        1.7905375214184914E-002
   22.200000000000180      -0.12800151195293119        2.4348356398279255E-002
   22.250000000000181      -0.12646496348184244        3.0730969421775119E-002
   22.300000000000182      -0.12461309467967555        3.7037376043338018E-002
   22.350000000000183      -0.12245049878374138        4.3251917918683193E-002
   22.400000000000183      -0.11998254108336648        4.9359154007498136E-002
   22.450000000000184      -0.11721534619822289        5.5343897702871583E-002
   22.500000000000185      -0.11415578351713453        6.1191253621767368E-002
   22.550000000000185      -0.11081145081766540        6.6886653989382649E-002
   22.600000000000186      -0.10719065609045832        7.2415894544141685E-002
   22.650000000000187      -0.10330239759626988        7.7765169883768623E-002
   22.700000000000188       -9.9156342187943169E-002   8.2921108166534266E-002
   22.750000000000188       -9.4762801934164698E-002   8.7870805075569408E-002
   22.800000000000189       -9.0132709086751278E-002   9.2601856948268529E-002
   22.850000000000190       -8.5277589438378321E-002   9.7102392967459109E-002
   22.900000000000190       -8.0209534123060158E-002  0.10136110630636318     
   22.950000000000191       -7.4941169917280170E-002  0.10536728411559967     
   23.000000000000192       -6.9485628105394048E-002  0.10911083623772239     
   23.050000000000193       -6.3856511978734154E-002  0.11258232253319779     
   23.100000000000193       -5.8067863043663466E-002  0.11577297870141370     
   23.150000000000194       -5.2134126019595231E-002  0.11867474048136474     
   23.200000000000195       -4.6070112713637881E-002  0.12128026611914702     
   23.250000000000195       -3.9890964863970556E-002  0.12358295699334655     
   23.300000000000196       -3.3612116049229257E-002  0.12557697629482603     
   23.350000000000197       -2.7249252766015447E-002  0.12725726566427623     
   23.400000000000198       -2.0818274781058431E-002  0.12861955969914032     
   23.450000000000198       -1.4335254868505655E-002  0.12966039825105549     
   23.500000000000199       -7.8163980462224066E-003  0.13037713644566495     
   23.550000000000200       -1.2780004278026896E-003  0.13076795236839434     
   23.600000000000200        5.2635921908168095E-003  0.13083185237238998     
   23.650000000000201        1.1792025889721659E-002  0.13056867397809696     
   23.700000000000202        1.8290980207107163E-002  0.12997908634771008     
   23.750000000000203        2.4744209623694561E-002  0.12906458833174794     
   23.800000000000203        3.1135584828647582E-002  0.12782750409906038     
   23.850000000000204        3.7449133647420731E-002  0.12627097637546295     
   23.900000000000205        4.3669081513904841E-002  0.12439895732968224     
   23.950000000000205        4.9779891371814239E-002  0.12221619715818803     
   24.000000000000206        5.5766302893443524E-002  0.11972823043258568     
   24.050000000000207        6.1613370907662231E-002  0.11694136028437412     
   24.100000000000207        6.7306502933256407E-002  0.11386264051188337     
   24.150000000000208        7.2831495718404707E-002  0.11049985570296603     
   24.200000000000209        7.8174570692126008E-002  0.10686149947442614     
   24.250000000000210        8.3322408238883899E-002  0.10295675093515787     
   24.300000000000210        8.8262180713108540E-002   9.8795449484492787E-002
   24.350000000000211        9.2981584116124102E-002   9.4388068060311345E-002
   24.400000000000212        9.7468868363778230E-002   8.9745684953082466E-002
   24.450000000000212       0.10171286607888858        8.4879954302207045E-002
   24.500000000000213       0.10570301984838543        7.9803075389937028E-002
   24.550000000000214       0.10942940789067680        7.4527760845827476E-002
   24.600000000000215       0.11288276808424096        6.9067203871283095E-002
   24.650000000000215       0.11605452031371262        6.3435044589433276E-002
   24.700000000000216       0.11893678709473626        5.7645335620472964E-002
   24.750000000000217       0.12152241244358225        5.1712506976919773E-002
   24.800000000000217       0.12380497896193940        4.5651330367142869E-002
   24.850000000000218       0.12577882311139968        3.9476882989205722E-002
   24.900000000000219       0.12743904865593564        3.3204510890719109E-002
   24.950000000000220       0.12878153825414593        2.6849791964206053E-002
   25.000000000000220       0.12980296318622642        2.0428498641610015E-002
   25.050000000000221       0.13050079120353608        1.3956560346193202E-002
   25.100000000000222       0.13087329249130203        7.4500257553191274E-003
   25.150000000000222       0.13091954373748299        9.2502492361917592E-004
   25.200000000000223       0.13063943030312863       -5.6022686870872678E-003
   25.250000000000224       0.13003364649178195       -1.2115676226933774E-002
   25.300000000000225       0.12910369391762172       -1.8599051483204686E-002
   25.350000000000225       0.12785187797418507       -2.5036318868732914E-002
   25.400000000000226       0.12628130240769753       -3.1411511329750751E-002
   25.450000000000227       0.12439586200132043       -3.7708808127542071E-002
   25.500000000000227       0.12220023337905168       -4.3912572445374845E-002
   25.550000000000228       0.11969986394062999       -5.0007388768433782E-002
   25.600000000000229       0.11690095894163385       -5.5978099979922910E-002
   25.650000000000230       0.11381046673606943       -6.1809844111288530E-002
   25.700000000000230       0.11043606220213120       -6.7488090678764531E-002
   25.750000000000231       0.10678612837551510       -7.2998676532322046E-002
   25.800000000000232       0.10286973631867588       -7.8327841136784329E-002
   25.850000000000232        9.8696623258749575E-002  -8.3462261198526150E-002
   25.900000000000233        9.4277169031499519E-002  -8.8389084545001245E-002
   25.950000000000234        8.9622370873573526E-002  -9.3095963158519757E-002
   26.000000000000234        8.4743816610552761E-002  -9.7571085260415316E-002
   26.050000000000235        7.9653656293693822E-002 -0.10180320633717879     
   26.100000000000236        7.4364572343870838E-002 -0.10578167899645977     
   26.150000000000237        6.8889748266960718E-002 -0.10949648153820235     
   26.200000000000237        6.3242836010724585E-002 -0.11293824512472279     
   26.250000000000238        5.7437922039056274E-002 -0.11609827943336615     
   26.300000000000239        5.1489492205227000E-002 -0.11896859667658541     
   26.350000000000239        4.5412395511380543E-002 -0.12154193387692910     
   26.400000000000240        3.9221806846953887E-002 -0.12381177328853310     
   26.450000000000241        3.2933188803839414E-002 -0.12577236086228943     
   26.500000000000242        2.6562252670895528E-002 -0.12741872265887771     
   26.550000000000242        2.0124918714783994E-002 -0.12874667912223067     
   26.600000000000243        1.3637275858000347E-002 -0.12975285713567294     
   26.650000000000244        7.1155408683103594E-003 -0.13043469979379974     
   26.700000000000244        5.7601717656021335E-004 -0.13079047383500292     
   26.750000000000245       -5.9649465580517000E-003 -0.13081927469223825     
   26.800000000000246       -1.2490998014700119E-002 -0.13052102913296837     
   26.850000000000247       -1.8985822788350599E-002 -0.12989649547300963     
   26.900000000000247       -2.5433185856502782E-002 -0.12894726136304369     
   26.950000000000248       -3.1816972814533065E-002 -0.12767573916060562     
   27.000000000000249       -3.8121230760243680E-002 -0.12608515891421235     
   27.050000000000249       -4.4330208710230218E-002 -0.12417955899973068     
   27.100000000000250       -5.0428397433325209E-002 -0.12196377446189983     
   27.150000000000251       -5.6400568589621503E-002 -0.11944342312592585     
   27.200000000000252       -6.2231813067375644E-002 -0.11662488955508286     
   27.250000000000252       -6.7907578414382511E-002 -0.11351530694013728     
   27.300000000000253       -7.3413705265134008E-002 -0.11012253701503003     
   27.350000000000254       -7.8736462670159629E-002 -0.10645514810051228     
   27.400000000000254       -8.3862582239322775E-002 -0.10252239138326283     
   27.450000000000255       -8.8779291016441983E-002  -9.8334175542384203E-002
   27.500000000000256       -9.3474343008345701E-002  -9.3901039838074477E-002
   27.550000000000257       -9.7936049297282043E-002  -8.9234125778726983E-002
   27.600000000000257      -0.10215330667142088       -8.4345147482776675E-002
   27.650000000000258      -0.10611562471393950       -7.9246360850372385E-002
   27.700000000000259      -0.10981315129681536       -7.3950531657517235E-002
   27.750000000000259      -0.11323669643090618       -6.8470902681816451E-002
   27.800000000000260      -0.11637775442913385       -6.2821159964553314E-002
   27.850000000000261      -0.11922852434456614       -5.7015398308645743E-002
   27.900000000000261      -0.12178192864988094       -5.1068086106296019E-002
   27.950000000000262      -0.12403163012908189       -4.4994029584019109E-002
   28.000000000000263      -0.12597204695640235       -3.8808336546408972E-002
   28.050000000000264      -0.12759836594108556       -3.2526379693664363E-002
   28.100000000000264      -0.12890655392017192       -2.6163759581727387E-002
   28.150000000000265      -0.12989336728457504       -1.9736267288062437E-002
   28.200000000000266      -0.13055635962661402       -1.3259846840779852E-002
   28.250000000000266      -0.13089388749982059       -6.7505574641314519E-003
   28.300000000000267      -0.13090511428429552       -2.2453568949885091E-004
   28.350000000000268      -0.13059001215319369        6.3020426220367605E-003
   28.400000000000269      -0.12994936213811700        1.2813000301533553E-002
   28.450000000000269      -0.12898475229334211        1.9292196895498076E-002
   28.500000000000270      -0.12769857396095402        2.5723566647761518E-002
   28.550000000000271      -0.12609401614115304        3.2091156396019754E-002
   28.600000000000271      -0.12417505797429690        3.8379163337122865E-002
   28.650000000000272      -0.12194645934368536        4.4571972612230705E-002
   28.700000000000273      -0.11941374961073026        5.0654194659102127E-002
   28.750000000000274      -0.11658321449702239        5.6610702274157362E-002
   28.800000000000274      -0.11346188113093889        6.2426667321669994E-002
   28.850000000000275      -0.11005750127985645        6.8087597021648752E-002
   28.900000000000276      -0.10637853279276548        7.3579369741819334E-002
   28.950000000000276      -0.10243411928212624        7.8888270212784620E-002
   29.000000000000277       -9.8234068078170811E-002   8.4001024079108574E-002
   29.050000000000278       -9.3788826493524671E-002   8.8904831692922681E-002
   29.100000000000279       -8.9109456440980631E-002   9.3587401050880717E-002
   29.150000000000279       -8.4207607452476893E-002   9.8036979770074847E-002
   29.200000000000280       -7.9095488152774396E-002  0.10224238599405007     
   29.250000000000281       -7.3785836246950245E-002  0.10619303811648309     
   29.300000000000281       -6.8291887086571385E-002  0.10987898320757722     
   29.350000000000282       -6.2627340885226437E-002  0.11329092402689897     
   29.400000000000283       -5.6806328659908645E-002  0.11642024450635580     
   29.450000000000284       -5.0843376980490025E-002  0.11925903358837241     
   29.500000000000284       -4.4753371615133930E-002  0.12180010730712189     
   29.550000000000285       -3.8551520164887131E-002  0.12403702900493600     
   29.600000000000286       -3.2253313785799542E-002  0.12596412758175177     
   29.650000000000286       -2.5874488101668779E-002  0.12757651368261527     
   29.700000000000287       -1.9430983414829170E-002  0.12887009373679215     
   29.750000000000288       -1.2938904326237555E-002  0.12984158177183230     
   29.800000000000288       -6.4144788793935566E-003  0.13048850893687997     
   29.850000000000289        1.2598265467948788E-004  0.13080923068146089     
   29.900000000000290        6.6661292321166660E-003  0.13080293154874356     
   29.950000000000291        1.3189610609900215E-002  0.13046962755567096     
   30.000000000000291        1.9680118917209669E-002  0.12981016614618907     
   30.050000000000292        2.6121430103101848E-002  0.12882622371784355     
   30.100000000000293        3.2497445139904650E-002  0.12752030073605602     
   30.150000000000293        3.8792230863115076E-002  0.12589571446420852     
   30.200000000000294        4.4990060330667284E-002  0.12395658935104407     
   30.250000000000295        5.1075452587148684E-002  0.12170784512962794     
   30.300000000000296        5.7033211721849643E-002  0.11915518269401915     
   30.350000000000296        6.2848465113384849E-002  0.11630506783070409     
   30.400000000000297        6.8506700757964639E-002  0.11316471289159567     
   30.450000000000298        7.3993803583158560E-002  0.10974205650387842     
   30.500000000000298        7.9296090654113069E-002  0.10604574141909014     
   30.550000000000299        8.4400345184588443E-002  0.10208509060950742     
   30.600000000000300        8.9293849270794118E-002   9.7870081724113503E-002
   30.650000000000301        9.3964415271752616E-002   9.3411320019169866E-002
   30.700000000000301        9.8400415765738436E-002   8.8720009879716275E-002
   30.750000000000302       0.10259081201815073        8.3807925048245843E-002
   30.800000000000303       0.10652518090192215        7.8687377675428105E-002
   30.850000000000303       0.11019374021718190        7.3371186305194999E-002
   30.900000000000304       0.11358737236232670        6.7872642902896074E-002
   30.950000000000305       0.11669764631386280        6.2205479030721947E-002
   31.000000000000306       0.11951683787733064        5.6383831269356754E-002
   31.050000000000306       0.12203794817628215        5.0422205979030091E-002
   31.100000000000307       0.12425472035063122        4.4335443486981291E-002
   31.150000000000308       0.12616165443973185        3.8138681782012761E-002
   31.200000000000308       0.12775402042925588        3.1847319790480791E-002
   31.250000000000309       0.12902786944435252        2.5476980301932774E-002
   31.300000000000310       0.12998004307469355        1.9043472606820527E-002
   31.350000000000311       0.13060818081986650        1.2562754903458959E-002
   31.400000000000311       0.13091072564620646        6.0508965267991920E-003
   31.450000000000312       0.13088692764859486       -4.7595995223175241E-004
   31.500000000000313       0.13053684581304456       -7.0016367110058804E-003
   31.550000000000313       0.12986134787808268       -1.3509958699237847E-002
   31.600000000000314       0.12886210829508707       -1.9984791659912321E-002
   31.650000000000315       0.12754160428988034       -2.6410080104134252E-002
   31.700000000000315       0.12590311003008881       -3.2769885195830600E-002
   31.750000000000316       0.12395068890508304       -3.9048422500115233E-002
   31.800000000000317       0.12168918392777997       -4.5230099546061345E-002
   31.850000000000318       0.11912420627024559       -5.1299553150687550E-002
   31.900000000000318       0.11626212194793262       -5.7241686446259515E-002
   31.950000000000319       0.11311003667054945       -6.3041705547663432E-002
   32.000000000000320       0.10967577888101115       -6.8685155790765798E-002
   32.050000000000317       0.10596788100768635       -7.4157957466496033E-002
   32.100000000000314       0.10199555895923398       -7.9446440969047322E-002
   32.150000000000311        9.7768689895720504E-002  -8.4537381270269663E-002
   32.200000000000308        9.3297788314409852E-002  -8.9418031626212938E-002
   32.250000000000306        8.8593980493607005E-002  -9.4076156416056919E-002
   32.300000000000303        8.3668977343180892E-002  -9.8500063008522293E-002
   32.350000000000300        7.8535045715857371E-002 -0.10267863254647050     
   32.400000000000297        7.3204978239010579E-002 -0.10660134953693580     
   32.450000000000294        6.7692061732438608E-002 -0.11025833013143949     
   32.500000000000291        6.2010044283426338E-002 -0.11364034898024541     
   32.550000000000288        5.6173101056209616E-002 -0.11673886454433438     
   32.600000000000286        5.0195798918690353E-002 -0.11954604275038525     
   32.650000000000283        4.4093059974840032E-002 -0.12205477887700648     
   32.700000000000280        3.7880124096595642E-002 -0.12425871756488777     
   32.750000000000277        3.1572510554124154E-002 -0.12615227084942970     
   32.800000000000274        2.5185978848037967E-002 -0.12773063412172375     
   32.850000000000271        1.8736488851416759E-002 -0.12898979993242418     
   32.900000000000269        1.2240160373267694E-002 -0.12992656956298129     
   32.950000000000266        5.7132322582795310E-003 -0.13053856229976327     
   33.000000000000263       -8.2797885965206573E-004 -0.13082422235863192     
   33.050000000000260       -7.3671200306710399E-003 -0.13078282342037947     
   33.100000000000257       -1.3887843568215569E-002 -0.13041447075089058     
   33.150000000000254       -2.0373848612903350E-002 -0.12972010089375560     
   33.200000000000252       -2.6808922559759217E-002 -0.12870147893711736     
   33.250000000000249       -3.3176982228287195E-002 -0.12736119337055954     
   33.300000000000246       -3.9462114656368487E-002 -0.12570264856162583     
   33.350000000000243       -4.5648617401112396E-002 -0.12373005489487821     
   33.400000000000240       -5.1721038232565360E-002 -0.12144841662905929     
   33.450000000000237       -5.7664214109551810E-002 -0.11886351753972896     
   33.500000000000234       -6.3463309330828360E-002 -0.11598190442553086     
   33.550000000000232       -6.9103852759121578E-002 -0.11281086856586445     
   33.600000000000229       -7.4571774020425224E-002 -0.10935842522607304     
   33.650000000000226       -7.9853438586086067E-002 -0.10563329131321676     
   33.700000000000223       -8.4935681650637071E-002 -0.10164486129102004     
   33.750000000000220       -8.9805840723968897E-002  -9.7403181466636568E-002
   33.800000000000217       -9.4451786862191953E-002  -9.2918922764461051E-002
   33.850000000000215       -9.8861954467360402E-002  -8.8203352103368951E-002
   33.900000000000212      -0.10302536959203759       -8.3268302493543708E-002
   33.950000000000209      -0.10693167669041481       -7.8126141967544430E-002
   34.000000000000206      -0.11057116376329430       -7.2789741457589735E-002
   34.050000000000203      -0.11393478584966032       -6.7272441727320428E-002
   34.100000000000200      -0.11701418682274584       -6.1588019461710108E-002
   34.150000000000198      -0.11980171945342016       -5.5750652613486412E-002
   34.200000000000195      -0.12229046370834951       -4.9774885098586921E-002
   34.250000000000192      -0.12447424325469891       -4.3675590926988070E-002
   34.300000000000189      -0.12634764014714397       -3.7467937848901151E-002
   34.350000000000186      -0.12790600767664462       -3.1167350590012972E-002
   34.400000000000183      -0.12914548136381160       -2.4789473743339861E-002
   34.450000000000180      -0.13006298808278824       -1.8350134379532847E-002
   34.500000000000178      -0.13065625330440203       -1.1865304432275701E-002
   34.550000000000175      -0.13092380644994683       -5.3510629108960090E-003
   34.600000000000172      -0.13086498434937596        1.1764420114172610E-003
   34.650000000000169      -0.13047993279996448        7.7010309882296329E-003
   34.700000000000166      -0.12976960622368364        1.4206531525616779E-002
   34.750000000000163      -0.12873576542367279        2.0676816000216664E-002
   34.800000000000161      -0.12738097344234542        2.7095839626547501E-002
   34.850000000000158      -0.12570858952587841        3.3447678329340327E-002
   34.900000000000155      -0.12372276120215775        3.9716566474413212E-002
   34.950000000000152      -0.12142841448173530        4.5886934408448821E-002
   35.000000000000149      -0.11883124219403472        5.1943445754011622E-002
   35.050000000000146      -0.11593769047396667        5.7871034401361147E-002
   35.100000000000144      -0.11275494341730606        6.3654941133212087E-002
   35.150000000000141      -0.10929090592667076        6.9280749812705877E-002
   35.200000000000138      -0.10555418477373803        7.4734423058654603E-002
   35.250000000000135      -0.10155406790744952        8.0002337325770320E-002
   35.300000000000132       -9.7300502042385315E-002   8.5071317301284144E-002
   35.350000000000129       -9.2804068566221448E-002   8.9928669523277230E-002
   35.400000000000126       -8.8075957810202568E-002   9.4562215120377588E-002
   35.450000000000124       -8.3127941731832217E-002   9.8960321567407028E-002
   35.500000000000121       -7.7972345064468832E-002  0.10311193334726759     
   35.550000000000118       -7.2622014994168829E-002  0.10700660140599996     
   35.600000000000115       -6.7090289429885000E-002  0.11063451128567670     
   35.650000000000112       -6.1390963938948127E-002  0.11398650981873745     
   35.700000000000109       -5.5538257425566222E-002  0.11705413026763815     
   35.750000000000107       -4.9546776635798769E-002  0.11982961579534904     
   35.800000000000104       -4.3431479578031278E-002  0.12230594115534985     
   35.850000000000101       -3.7207637953313596E-002  0.12447683249435358     
   35.900000000000098       -3.0890798694961866E-002  0.12633678516703459     
   35.950000000000095       -2.4496744721486885E-002  0.12788107946949964     
   36.000000000000092       -1.8041455011134338E-002  0.12910579420705093     
   36.050000000000090       -1.1541064110042111E-002  0.13000781802184455     
   36.100000000000087       -5.0118211891811088E-003  0.13058485841722003     
   36.150000000000084        1.5299512321992927E-003  0.13083544842760803     
   36.200000000000081        8.0678987769913779E-003  0.13075895089584169     
   36.250000000000078        1.4585676793651740E-002  0.13035556033320725     
   36.300000000000075        2.1066991911224880E-002  0.12962630235146277     
   36.350000000000072        2.7495643444730732E-002  0.12857303067011699     
   36.400000000000070        3.3855564530544294E-002  0.12719842171627119     
   36.450000000000067        4.0130862872947662E-002  0.12550596684806728     
   36.500000000000064        4.6305860985249886E-002  0.12349996224604440     
   36.550000000000061        5.2365135811713821E-002  0.12118549652927874     
   36.600000000000058        5.8293557619958129E-002  0.11856843616488610     
   36.650000000000055        6.4076328057464771E-002  0.11565540875013286     
   36.700000000000053        6.9699017270259206E-002  0.11245378425588864     
   36.750000000000050        7.5147599986676458E-002  0.10897165432834506     
   36.800000000000047        8.0408490474313019E-002  0.10521780975273130     
   36.850000000000044        8.5468576283719108E-002  0.10120171618812177     
   36.900000000000041        9.0315250698035393E-002   9.6933488286325795E-002
   36.950000000000038        9.4936443813549432E-002   9.2423862310280658E-002
   37.000000000000036        9.9320652181967894E-002   8.7684167368369273E-002
   37.050000000000033       0.10345696695100393        8.2726295380720502E-002
   37.100000000000030       0.10733510044559949        7.7562669891911434E-002
   37.150000000000027       0.11094541113768430        7.2206213841696107E-002
   37.200000000000024       0.11427892695776279        6.6670316401569729E-002
   37.250000000000021       0.11732736690677775        6.0968798980299180E-002
   37.300000000000018       0.12008316093158668        5.5115880496178431E-002
   37.350000000000016       0.12253946803198081        4.9126142007882442E-002
   37.400000000000013       0.12469019257145988        4.3014490789581458E-002
   37.450000000000010       0.12652999876794127        3.6796123929627625E-002
   37.500000000000007       0.12805432334423242        3.0486491525822924E-002
   37.550000000000004       0.12925938632144249        2.4101259544201278E-002
   37.600000000000001       0.13014219994157133        1.7656272402576941E-002
   37.649999999999999       0.13070057570832039        1.1167515334981153E-002
   37.699999999999996       0.13093312953775377        4.6510765886673428E-003
   37.749999999999993       0.13083928501284028       -1.8768904982698802E-003
   37.799999999999990       0.13041927473817280       -8.4002054933495583E-003
   37.849999999999987       0.12967413979333881       -1.4902698896679875E-002
   37.899999999999984       0.12860572728555678       -2.1368250155640742E-002
   37.949999999999982       0.12721668600434871       -2.7780825624161006E-002
   37.999999999999979       0.12551046018324133       -3.4124516422147838E-002
   38.049999999999976       0.12349128137582635       -4.0383576148299613E-002
   38.099999999999973       0.12116415845601276       -4.6542458396271712E-002
   38.149999999999970       0.11853486575501014       -5.2585854020052572E-002
   38.199999999999967       0.11560992935053244       -5.8498728089554142E-002
   38.249999999999964       0.11239661152693463       -6.4266356471956138E-002
   38.299999999999962       0.10890289342851386       -6.9874361968415385E-002
   38.349999999999959       0.10513745593203767       -7.5308749929523855E-002
   38.399999999999956       0.10110965876871036       -8.0555943266546304E-002
   38.449999999999953        9.6829517930251602E-002  -8.5602816769175277E-002
   38.499999999999950        9.2307681398526895E-002  -9.0436730634494228E-002
   38.549999999999947        8.7555403243215549E-002  -9.5045563106226957E-002
   38.599999999999945        8.2584516137297712E-002  -9.9417742118356842E-002
   38.649999999999942        7.7407402345647858E-002 -0.10354227583299708     
   38.699999999999939        7.2036963247690516E-002 -0.10740878195914680     
   38.749999999999936        6.6486587460849414E-002 -0.11100751573682210     
   38.799999999999933        6.0770117637342760E-002 -0.11432939647013302     
   38.849999999999930        5.4901816012678344E-002 -0.11736603249328832     
   38.899999999999928        4.8896328789911965E-002 -0.12010974445532752     
   38.949999999999925        4.2768649449279508E-002 -0.12255358681264905     
   38.999999999999922        3.6534081078122227E-002 -0.12469136742314554     
   39.049999999999919        3.0208197821024459E-002 -0.12651766514195537     
   39.099999999999916        2.3806805554701875E-002 -0.12802784532645167     
   39.149999999999913        1.7345901896349939E-002 -0.12921807316703873     
   39.199999999999910        1.0841635657824575E-002 -0.13008532477050730     
   39.249999999999908        4.3102658611254389E-003 -0.13062739593398270     
   39.299999999999905       -2.2318795668607875E-003 -0.13084290855972452     
   39.349999999999902       -8.7684453005622068E-003 -0.13073131467402838     
   39.399999999999899       -1.5283090201914252E-002 -0.13029289802704089     
   39.449999999999896       -2.1759528865125340E-002 -0.12952877326422174     
   39.499999999999893       -2.8181572998838049E-002 -0.12844088267425419     
   39.549999999999891       -3.4533172525447950E-002 -0.12703199053219802     
   39.599999999999888       -4.0798456278966826E-002 -0.12530567507037749     
   39.649999999999885       -4.6961772185101398E-002 -0.12326631812269141     
   39.699999999999882       -5.3007726810127456E-002 -0.12091909250052114     
   39.749999999999879       -5.8921224168628071E-002 -0.11826994717001228     
   39.799999999999876       -6.4687503684180706E-002 -0.11532559031105274     
   39.849999999999874       -7.0292177201561862E-002 -0.11209347034762313     
   39.899999999999871       -7.5721264953923936E-002 -0.10858175504724155     
   39.949999999999868       -8.0961230393617897E-002 -0.10479930879387914     
   39.999999999999865       -8.5999013800814386E-002 -0.10075566814392971     
   40.049999999999862       -9.0822064589742110E-002  -9.6461015778554426E-002
   40.099999999999859       -9.5418372238141980E-002  -9.1926152967997318E-002
   40.149999999999856       -9.9776495771357887E-002  -8.7162470664318245E-002
   40.199999999999854      -0.10388559173828210       -8.2181919338484385E-002
   40.249999999999851      -0.10773544062208176       -7.6996977675993089E-002
   40.299999999999848      -0.11131647163419613       -7.1620620242287242E-002
   40.349999999999845      -0.11461978584546156       -6.6066284225308844E-002
   40.399999999999842      -0.11763717761335032       -6.0347835357775256E-002
   40.449999999999839      -0.12036115426916666       -5.4479533116326619E-002
   40.499999999999837      -0.12278495403360486       -4.8475995288763951E-002
   40.549999999999834      -0.12490256213332294       -4.2352161994361787E-002
   40.599999999999831      -0.12670872509511721       -3.6123259235885566E-002
   40.649999999999828      -0.12819896319790006       -2.9804762055656971E-002
   40.699999999999825      -0.12936958106599850       -2.3412357361968658E-002
   40.749999999999822      -0.13021767639032455       -1.6961906486521270E-002
   40.799999999999820      -0.13074114676674919       -1.0469407528492791E-002
   40.849999999999817      -0.13093869464357369       -3.9509575364901073E-003
   40.899999999999814      -0.13080983037237820        2.5772854239099119E-003
   40.949999999999811      -0.13035487335878052        9.0991402719538365E-003
   40.999999999999808      -0.12957495131180977        1.5598440939415148E-002
   41.049999999999805      -0.12847199759273917        2.2059074381411983E-002
   41.099999999999802      -0.12704874666638252        2.8465018527132947E-002
   41.149999999999800      -0.12530872766009124        3.4800380125825842E-002
   41.199999999999797      -0.12325625603804254        4.1049432440974164E-002
   41.249999999999794      -0.12089642340093111        4.7196652742228520E-002
   41.299999999999791      -0.11823508542390795        5.3226759540463089E-002
   41.349999999999788      -0.11527884794858788        5.9124749506401626E-002
   41.399999999999785      -0.11203505124820108        6.4875934007735919E-002
   41.449999999999783      -0.10851175248851652        7.0465975193691147E-002
   41.499999999999780      -0.10471770641102938        7.5880921549742811E-002
   41.549999999999777      -0.10066234426908763        8.1107242838835011E-002
   41.599999999999774       -9.6355751052128930E-002   8.6131864339173830E-002
   41.649999999999771       -9.1808641037995922E-002   9.0942200282660257E-002
   41.699999999999768       -8.7032331718372311E-002   9.5526186392472345E-002
   41.749999999999766       -8.2038716147702903E-002   9.9872311413388079E-002
   41.799999999999763       -7.6840233771486216E-002  0.10396964752433359     
   41.849999999999760       -7.1449839795510908E-002  0.10780787951950606     
   41.899999999999757       -6.5880973163390852E-002  0.11137733264240111     
   41.949999999999754       -6.0147523215576121E-002  0.11466899895629455     
   41.999999999999751       -5.4263795108811769E-002  0.11767456213528707     
   42.049999999999748       -4.8244474080712189E-002  0.12038642056199159     
   42.099999999999746       -4.2104588649643643E-002  0.12279770862137095     
   42.149999999999743       -3.5859472845387035E-002  0.12490231608513218     
   42.199999999999740       -2.9524727571015187E-002  0.12669490548743695     
   42.249999999999737       -2.3116181200992843E-002  0.12817092740044689     
   42.299999999999734       -1.6649849524627381E-002  0.12932663352730922     
   42.349999999999731       -1.0141895147602645E-002  0.13015908754049471     
   42.399999999999729       -3.6085864673630948E-003  0.13066617360479099     
   42.449999999999726        2.9337436594654423E-003  0.13084660253657074     
   42.499999999999723        9.4687394376662681E-003  0.13069991556401653     
   42.549999999999720        1.5980063720995936E-002  0.13022648566659337     
   42.599999999999717        2.2451439545296409E-002  0.12942751648600945     
   42.649999999999714        2.8866691486045159E-002  0.12830503881497499     
   42.699999999999712        3.5209786720247195E-002  0.12686190468404074     
   42.749999999999709        4.1464875674269805E-002  0.12510177908045222     
   42.799999999999706        4.7616332141574014E-002  0.12302912934608412     
   42.849999999999703        5.3648792757270032E-002  0.12064921231392033     
   42.899999999999700        5.9547195719972065E-002  0.11796805925404069     
   42.949999999999697        6.5296818655497052E-002  0.11499245871049971     
   42.999999999999694        7.0883315521482082E-002  0.11172993731970074     
   43.049999999999692        7.6292752456920576E-002  0.10818873870876984     
   43.099999999999689        8.1511642485867272E-002  0.10437780057893396     
   43.149999999999686        8.6526978990065201E-002  0.10030673008395855     
   43.199999999999683        9.1326267870929151E-002   9.5985777617279083E-002
   43.249999999999680        9.5897558327108195E-002   9.1425809123580892E-002
   43.299999999999677       0.10022947217967235        8.6638277051283116E-002
   43.349999999999675       0.10431123168275919        8.1635190061736834E-002
   43.399999999999672       0.10813268576321169        7.6429081609050084E-002
   43.449999999999669       0.11168433463828301        7.1032977501426370E-002
   43.499999999999666       0.11495735276582746        6.5460362550889106E-002
   43.549999999999663       0.11794361008649858        5.9725146413422386E-002
   43.599999999999660       0.12063569152230161        5.3841628716060727E-002
   43.649999999999658       0.12302691470037609        4.7824463561489713E-002
   43.699999999999655       0.12511134587509920        4.1688623494462049E-002
   43.749999999999652       0.12688381402549812        3.5449363007978262E-002
   43.799999999999649       0.12833992310854372        2.9122181660912197E-002
   43.849999999999646       0.12947606245218155        2.2722786872756331E-002
   43.899999999999643       0.13028941527496088        1.6267056455586792E-002
   43.949999999999640       0.13077796532187860        9.7710009383546355E-003
   43.999999999999638       0.13094050160859522        3.2507257343320391E-003
   44.049999999999635       0.13077662126854989       -3.2776068009065891E-003
   44.099999999999632       0.13028673049974401       -9.7978153761177147E-003
   44.149999999999629       0.12947204361012760       -1.6293737792328504E-002
   44.199999999999626       0.12833458016266294       -2.2749268949293352E-002
   44.249999999999623       0.12687716022330517       -2.9148398787155326E-002
   44.299999999999621       0.12510339771738252       -3.5475250118453226E-002
   44.349999999999618       0.12301769190222842       -4.1714116303081944E-002
   44.399999999999615       0.12062521696646035       -4.7849498715361385E-002
   44.449999999999612       0.11793190976905593       -5.3866143948088287E-002
   44.499999999999609       0.11494445573438347       -5.9749080693449148E-002
   44.549999999999606       0.11167027292262871       -6.5483656235095347E-002
   44.599999999999604       0.10811749429864498       -7.1055572479674756E-002
   44.649999999999601       0.10429494822615275       -7.6450921449844694E-002
   44.699999999999598       0.10021213721843097       -8.1656220154435410E-002
   44.749999999999595        9.5879214981172120E-002  -8.6658444745177046E-002
   44.799999999999592        9.1306961788000449E-002  -9.1445063863433554E-002
   44.849999999999589        8.6506758234255854E-002  -9.6004071074891867E-002
   44.899999999999586        8.1490557419990090E-002 -0.10032401628531534     
   44.949999999999584        7.6270855618667061E-002 -0.10439403602646068     
   44.999999999999581        7.0860661493755320E-002 -0.10820388249823484     
   45.049999999999578        6.5273463931191461E-002 -0.11174395125127713     
   45.099999999999575        5.9523198561515944E-002 -0.11500530739351036     
   45.149999999999572        5.3624213051270311E-002 -0.11797971020491259     
   45.199999999999569        4.7591231248925975E-002 -0.12065963604688669     
   45.249999999999567        4.1439316276116453E-002 -0.12303829945619049     
   45.299999999999564        3.5183832660194134E-002 -0.12510967231844644     
   45.349999999999561        2.8840407609056304E-002 -0.12686850102275660     
   45.399999999999558        2.2424891533713572E-002 -0.12831032150685465     
   45.449999999999555        1.5953317928141073E-002 -0.12943147211145001     
   45.499999999999552        9.4418627194986365E-003 -0.13022910417284872     
   45.549999999999550        2.9068032047769171E-003 -0.13070119029443439     
   45.599999999999547       -3.6355233077229798E-003 -0.13084653024999793     
   45.649999999999544       -1.0168761031974730E-002 -0.13066475448503501     
   45.699999999999541       -1.6676577291764083E-002 -0.13015632519578701     
   45.749999999999538       -2.3142704040752735E-002 -0.12932253497977300     
   45.799999999999535       -2.9550979194034273E-002 -0.12816550306563074     
   45.849999999999532       -3.5885387651235862E-002 -0.12668816914403180     
   45.899999999999530       -4.2130101892988103E-002 -0.12489428483504478     
   45.949999999999527       -4.8269522035007055E-002 -0.12278840284037904     
   45.999999999999524       -5.4288315227069804E-002 -0.12037586384125498     
   46.049999999999521       -6.0171454287771486E-002 -0.11766278121403370     
   46.099999999999518       -6.5904255470073503E-002 -0.11465602364604043     
   46.149999999999515       -7.1472415257228403E-002 -0.11136319574309791     
   46.199999999999513       -7.6862046093630371E-002 -0.10779261672803936     
   46.249999999999510       -8.2059710960421250E-002 -0.10395329733581754     
   46.299999999999507       -8.7052456711207246E-002  -9.9854915015719803E-002
   46.349999999999504       -9.1827846088938264E-002  -9.5507787554620291E-002
   46.399999999999501       -9.6373988350796552E-002  -9.0922845237165845E-002
   46.449999999999498      -0.10067956843376381       -8.6111601659345338E-002
   46.499999999999496      -0.10473387459931914       -8.1086123311106664E-002
   46.549999999999493      -0.10852682450140221       -7.5858998041661366E-002
   46.599999999999490      -0.11204898962730107       -7.0443302517977313E-002
   46.649999999999487      -0.11529161806644353       -6.4852568782849118E-002
   46.699999999999484      -0.11824665556714428       -5.9100750014014991E-002
   46.749999999999481      -0.12090676484615587       -5.3202185580231633E-002
   46.799999999999478      -0.12326534312036627       -4.7171565484207943E-002
   46.849999999999476      -0.12531653783416735       -4.1023894276021683E-002
   46.899999999999473      -0.12705526055988178       -3.4774454514288365E-002
   46.949999999999470      -0.12847719905218691       -2.8438769846102482E-002
   46.999999999999467      -0.12957882744072713       -2.2032567770804652E-002
   47.049999999999464      -0.13035741454808256       -1.5571742147108337E-002
   47.099999999999461      -0.13081103032299243       -9.0723154981973194E-003
   47.149999999999459      -0.13093855038125299       -2.5504011652110669E-003
   47.199999999999456      -0.13073965864906206        3.9778346438187808E-003
   47.249999999999453      -0.13021484810581488        1.0496210864943676E-002
   47.299999999999450      -0.12936541962551573        1.6988569605982759E-002
   47.349999999999447      -0.12819347891810970        2.3438814148120570E-002
   47.399999999999444      -0.12670193157421025        2.9830946877988693E-002
   47.449999999999442      -0.12489447621895293        3.6149107105146489E-002
   47.499999999999439      -0.12277559578309089        4.2377608717240819E-002
   47.549999999999436      -0.12035054690201195        4.8500977621578567E-002
   47.599999999999433      -0.11762534745613784        5.4503988917482343E-002
   47.649999999999430      -0.11460676226920112        6.0371703738734468E-002
   47.699999999999427      -0.11130228698421195        6.6089505699783530E-002
   47.749999999999424      -0.10772013014054471        7.1643136873344851E-002
   47.799999999999422      -0.10386919347950778        7.7018733220738572E-002
   47.849999999999419       -9.9759050510010008E-002   8.2202859389955293E-002
   47.899999999999416       -9.5399923370499767E-002   8.7182542790204751E-002
   47.949999999999413       -9.0802658028210997E-002   9.1945306845775315E-002
   47.999999999999410       -8.5978697861881045E-002   9.6479203326598942E-002
   48.049999999999407       -8.0940055679473155E-002  0.10077284364815776     
   48.099999999999405       -7.5699284228000305E-002  0.10481542902945709     
   48.149999999999402       -7.0269445258256194E-002  0.10859677939488216     
   48.199999999999399       -6.4664077213056545E-002  0.11210736090399295     
   48.249999999999396       -5.8897161613415988E-002  0.11533831199281111     
   48.299999999999393       -5.2983088222865522E-002  0.11828146781100936     
   48.349999999999390       -4.6936619075780756E-002  0.12092938294169527     
   48.399999999999388       -4.0772851461069556E-002  0.12327535229422400     
   48.449999999999385       -3.4507179957785128E-002  0.12531343006568851     
   48.499999999999382       -2.8155257624115363E-002  0.12703844667339531     
   48.549999999999379       -2.1732956445681084E-002  0.12844602356868556     
   48.599999999999376       -1.5256327153090065E-002  0.12953258585182037     
   48.649999999999373       -8.7415585221800735E-003  0.13029537261819982     
   48.699999999999370       -2.2049362732905857E-003  0.13073244497778974     
   48.749999999999368        4.3371983118155304E-003  0.13084269170212232     
   48.799999999999365        1.0868489935137197E-002  0.13062583246643333     
   48.849999999999362        1.7372610868547154E-002  0.13008241866819914     
   48.899999999999359        2.3833302459413667E-002  0.12921383181733026     
   48.949999999999356        3.0234416434780927E-002  0.12802227950734515     
   48.999999999999353        3.6559955884319428E-002  0.12651078899076995     
   49.049999999999351        4.2794115804097858E-002  0.12468319839556860     
   49.099999999999348        4.8921323085717672E-002  0.12254414563239631     
   49.149999999999345        5.4926275838452235E-002  0.12009905505469125     
   49.199999999999342        6.0793981935697100E-002  0.11735412194489722     
   49.249999999999339        6.6509796681211431E-002  0.11431629491028666     
   49.299999999999336        7.2059459495251291E-002  0.11099325628079718     
   49.349999999999334        7.7429129525696319E-002  0.10739340060890065     
   49.399999999999331        8.2605420094582160E-002  0.10352581137771689     
   49.449999999999328        8.7575431895998104E-002   9.9400236028318850E-002
   49.499999999999325        9.2326784867020145E-002   9.5027059420440943E-002
   49.549999999999322        9.6847648659150784E-002   9.0417275842612846E-002
   49.599999999999319       0.10112677164355813        8.5582459688146734E-002
   49.649999999999316       0.10515350838918225        8.0534734912482364E-002
   49.699999999999314       0.10891784555844446        7.5286743385244215E-002
   49.749999999999311       0.11241042617080015        6.9851612247113767E-002
   49.799999999999308       0.11562257218967087        6.4242920377414470E-002
   49.849999999999305       0.11854630539333633        5.8474664073309257E-002
   49.899999999999302       0.12117436649513111        5.2561222035895611E-002
   49.949999999999299       0.12350023248275287        4.6517319752435046E-002
   49.999999999999297       0.12551813215063587        4.0357993357659779E-002
