   2.0000000000000000E-002   1.2213545993477162     
   4.0000000000000001E-002   1.2206066554711308     
   5.9999999999999998E-002   1.2194904679700833     
   8.0000000000000002E-002   1.2180098726896840     
  0.10000000000000001        1.2161687179227747     
  0.12000000000000001        1.2139708643581864     
  0.14000000000000001        1.2114201851637434     
  0.16000000000000000        1.2085205661969380     
  0.17999999999999999        1.2052759063361984     
  0.19999999999999998        1.2016901179256823     
  0.21999999999999997        1.1977671273265400     
  0.23999999999999996        1.1935108755676014     
  0.25999999999999995        1.1889253190884574     
  0.27999999999999997        1.1840144305679245     
  0.29999999999999999        1.1787821998308952     
  0.32000000000000001        1.1732326348265980     
  0.34000000000000002        1.1673697626713129     
  0.36000000000000004        1.1611976307485996     
  0.38000000000000006        1.1547203078601285     
  0.40000000000000008        1.1479418854202177     
  0.42000000000000010        1.1408664786872109     
  0.44000000000000011        1.1334982280248487     
  0.46000000000000013        1.1258413001868219     
  0.48000000000000015        1.1178998896177217     
  0.50000000000000011        1.1096782197636361     
  0.52000000000000013        1.1011805443856821     
  0.54000000000000015        1.0924111488698034     
  0.56000000000000016        1.0833743515262133     
  0.58000000000000018        1.0740745048719147     
  0.60000000000000020        1.0645159968897908     
  0.62000000000000022        1.0547032522578286     
  0.64000000000000024        1.0446407335421120     
  0.66000000000000025        1.0343329423473082     
  0.68000000000000027        1.0237844204184672     
  0.70000000000000029        1.0129997506880566     
  0.72000000000000031        1.0019835582622769     
  0.74000000000000032       0.99074051134082575     
  0.76000000000000034       0.97927532206442613     
  0.78000000000000036       0.96759274728458777     
  0.80000000000000038       0.95569758925023918     
  0.82000000000000040       0.94359469620605341     
  0.84000000000000041       0.93128896289748864     
  0.86000000000000043       0.91878533097777881     
  0.88000000000000045       0.90608878931233949     
  0.90000000000000047       0.89320437417629905     
  0.92000000000000048       0.88013716934112651     
  0.94000000000000050       0.86689230604660550     
  0.96000000000000052       0.85347496285469415     
  0.98000000000000054       0.83989036538212092     
   1.0000000000000004       0.82614378590888782     
   1.0200000000000005       0.81224054286019165     
   1.0400000000000005       0.79818600015962371     
   1.0600000000000005       0.78398556645187378     
   1.0800000000000005       0.76964469419354198     
   1.1000000000000005       0.75516887861104853     
   1.1200000000000006       0.74056365652503153     
   1.1400000000000006       0.72583460504102892     
   1.1600000000000006       0.71098734010665721     
   1.1800000000000006       0.69602751493591786     
   1.2000000000000006       0.68096081830169097     
   1.2200000000000006       0.66579297269790216     
   1.2400000000000007       0.65052973237327771     
   1.2600000000000007       0.63517688123903404     
   1.2800000000000007       0.61974023065327088     
   1.3000000000000007       0.60422561708526112     
   1.3200000000000007       0.58863889966324490     
   1.3400000000000007       0.57298595760974158     
   1.3600000000000008       0.55727268756878956     
   1.3800000000000008       0.54150500082990838     
   1.4000000000000008       0.52568882045394516     
   1.4200000000000008       0.50983007830632121     
   1.4400000000000008       0.49393471200352912     
   1.4600000000000009       0.47800866177904400     
   1.4800000000000009       0.46205786727510711     
   1.5000000000000009       0.44608826426710713     
   1.5200000000000009       0.43010578132753052     
   1.5400000000000009       0.41411633643666951     
   1.5600000000000009       0.39812583354746728     
   1.5800000000000010       0.38214015911204197     
   1.6000000000000010       0.36616517857756375     
   1.6200000000000010       0.35020673285926174     
   1.6400000000000010       0.33427063479840935     
   1.6600000000000010       0.31836266561317716     
   1.6800000000000010       0.30248857135025153     
   1.7000000000000011       0.28665405934509591     
   1.7200000000000011       0.27086479469867775     
   1.7400000000000011       0.25512639677840110     
   1.7600000000000011       0.23944443575087032     
   1.7800000000000011       0.22382442915396741     
   1.8000000000000012       0.20827183851555364     
   1.8200000000000012       0.19279206602590682     
   1.8400000000000012       0.17739045127078068     
   1.8600000000000012       0.16207226803172223     
   1.8800000000000012       0.14684272116001040     
   1.9000000000000012       0.13170694353028425     
   1.9200000000000013       0.11666999307961437     
   1.9400000000000013       0.10173684993743896     
   1.9600000000000013        8.6912413651437689E-002
   1.9800000000000013        7.2201500514053468E-002
   2.0000000000000013        5.7608840993998753E-002
   2.0200000000000014        4.3139077276697843E-002
   2.0400000000000014        2.8796760917225252E-002
   2.0600000000000014        1.4586350608902027E-002
   2.0800000000000014        5.1221007031064872E-004
   2.1000000000000014       -1.3421393946913981E-002
   2.1200000000000014       -2.7210293527562608E-002
   2.1400000000000015       -4.0850421338044229E-002
   2.1600000000000015       -5.4337812246134862E-002
   2.1800000000000015       -6.7668604814514352E-002
   2.2000000000000015       -8.0839042667705502E-002
   2.2200000000000015       -9.3845475732403053E-002
   2.2400000000000015      -0.10668436135154274     
   2.2600000000000016      -0.11935226527281058     
   2.2800000000000016      -0.13184586251262984     
   2.3000000000000016      -0.14416193809698541     
   2.3200000000000016      -0.15629738768075219     
   2.3400000000000016      -0.16824921804748427     
   2.3600000000000017      -0.18001454749189544     
   2.3800000000000017      -0.19159060608751649     
   2.4000000000000017      -0.20297473584225206     
   2.4200000000000017      -0.21416439074477828     
   2.4400000000000017      -0.22515713670492141     
   2.4600000000000017      -0.23595065139133886     
   2.4800000000000018      -0.24654272396998403     
   2.5000000000000018      -0.25693125474697925     
   2.5200000000000018      -0.26711425471964428     
   2.5400000000000018      -0.27708984503953160     
   2.5600000000000018      -0.28685625639140672     
   2.5800000000000018      -0.29641182829217977     
   2.6000000000000019      -0.30575500831384528     
   2.6200000000000019      -0.31488435123452174     
   2.6400000000000019      -0.32379851812170002     
   2.6600000000000019      -0.33249627535181220     
   2.6800000000000019      -0.34097649357022031     
   2.7000000000000020      -0.34923814659569752     
   2.7200000000000020      -0.35728031027343476     
   2.7400000000000020      -0.36510216128055395     
   2.7600000000000020      -0.37270297588804446     
   2.7800000000000020      -0.38008212868296537     
   2.8000000000000020      -0.38723909125467093     
   2.8200000000000021      -0.39417343084872308     
   2.8400000000000021      -0.40088480899205287     
   2.8600000000000021      -0.40737298009282263     
   2.8800000000000021      -0.41363779001832490     
   2.9000000000000021      -0.41967917465413124     
   2.9200000000000021      -0.42549715844757779     
   2.9400000000000022      -0.43109185293854152     
   2.9600000000000022      -0.43646345528032676     
   2.9800000000000022      -0.44161224675334321     
   3.0000000000000022      -0.44653859127411544     
   3.0200000000000022      -0.45124293390202264     
   3.0400000000000023      -0.45572579934602364     
   3.0600000000000023      -0.45998779047347887     
   3.0800000000000023      -0.46402958682303724     
   3.1000000000000023      -0.46785194312341349     
   3.1200000000000023      -0.47145568781973896     
   3.1400000000000023      -0.47484172160902943     
   3.1600000000000024      -0.47801101598617507     
   3.1800000000000024      -0.48096461180172095     
   3.2000000000000024      -0.48370361783257448     
   3.2200000000000024      -0.48622920936664527     
   3.2400000000000024      -0.48854262680229588     
   3.2600000000000025      -0.49064517426335919     
   3.2800000000000025      -0.49253821823035793     
   3.3000000000000025      -0.49422318618844735     
   3.3200000000000025      -0.49570156529248960     
   3.3400000000000025      -0.49697490104956271     
   3.3600000000000025      -0.49804479601910395     
   3.3800000000000026      -0.49891290853078984     
   3.4000000000000026      -0.49958095142016262     
   3.4200000000000026      -0.50005069078192377     
   3.4400000000000026      -0.50032394474073349     
   3.4600000000000026      -0.50040258223927547     
   3.4800000000000026      -0.50028852184327333     
   3.5000000000000027      -0.49998373056307749     
   3.5200000000000027      -0.49949022269137694     
   3.5400000000000027      -0.49881005865653250     
   3.5600000000000027      -0.49794534389097483     
   3.5800000000000027      -0.49689822771406195     
   3.6000000000000028      -0.49567090222874727     
   3.6200000000000028      -0.49426560123137087     
   3.6400000000000028      -0.49268459913385226     
   3.6600000000000028      -0.49093020989753383     
   3.6800000000000028      -0.48900478597789987     
   3.7000000000000028      -0.48691071727937540     
   3.7200000000000029      -0.48465043011939374     
   3.7400000000000029      -0.48222638620091052     
   3.7600000000000029      -0.47964108159253432     
   3.7800000000000029      -0.47689704571544211     
   3.8000000000000029      -0.47399684033624728     
   3.8200000000000029      -0.47094305856499463     
   3.8400000000000030      -0.46773832385746428     
   3.8600000000000030      -0.46438528902097942     
   3.8800000000000030      -0.46088663522292822     
   3.9000000000000030      -0.45724507100123007     
   3.9200000000000030      -0.45346333127599792     
   3.9400000000000031      -0.44954417636167454     
   3.9600000000000031      -0.44549039097894894     
   3.9800000000000031      -0.44130478326578981     
   4.0000000000000027      -0.43699018378696680     
   4.0200000000000022      -0.43254944454146693     
   4.0400000000000018      -0.42798543796725097     
   4.0600000000000014      -0.42330105594283596     
   4.0800000000000010      -0.41849920878523178     
   4.1000000000000005      -0.41358282424380377     
   4.1200000000000001      -0.40855484648967982     
   4.1399999999999997      -0.40341823510036601     
   4.1599999999999993      -0.39817596403928429     
   4.1799999999999988      -0.39283102062999459     
   4.1999999999999984      -0.38738640452491296     
   4.2199999999999980      -0.38184512666838966     
   4.2399999999999975      -0.37621020825406037     
   4.2599999999999971      -0.37048467967643695     
   4.2799999999999967      -0.36467157947675405     
   4.2999999999999963      -0.35877395328314093     
   4.3199999999999958      -0.35279485274523714     
   4.3399999999999954      -0.34673733446342370     
   4.3599999999999950      -0.34060445891288954     
   4.3799999999999946      -0.33439928936280344     
   4.3999999999999941      -0.32812489079091006     
   4.4199999999999937      -0.32178432879391528     
   4.4399999999999933      -0.31538066849407320     
   4.4599999999999929      -0.30891697344243074     
   4.4799999999999924      -0.30239630451922928     
   4.4999999999999920      -0.29582171883200470     
   4.5199999999999916      -0.28919626861196551     
   4.5399999999999912      -0.28252300010926779     
   4.5599999999999907      -0.27580495248783987     
   4.5799999999999903      -0.26904515672044405     
   4.5999999999999899      -0.26224663448469326     
   4.6199999999999894      -0.25541239706076935     
   4.6399999999999890      -0.24854544423161579     
   4.6599999999999886      -0.24164876318640210     
   4.6799999999999882      -0.23472532742807722     
   4.6999999999999877      -0.22777809568584881     
   4.7199999999999873      -0.22081001083344048     
   4.7399999999999869      -0.21382399881399280     
   4.7599999999999865      -0.20682296757248367     
   4.7799999999999860      -0.19980980599655190     
   4.7999999999999856      -0.19278738286661273     
   4.8199999999999852      -0.18575854581615595     
   4.8399999999999848      -0.17872612030311719     
   4.8599999999999843      -0.17169290859320971     
   4.8799999999999839      -0.16466168875609805     
   4.8999999999999835      -0.15763521367528696     
   4.9199999999999831      -0.15061621007258780     
   4.9399999999999826      -0.14360737754801131     
   4.9599999999999822      -0.13661138763592021     
   4.9799999999999818      -0.12963088287825669     
   4.9999999999999813      -0.12266847591563997     
   5.0199999999999809      -0.11572674859710642     
   5.0399999999999805      -0.10880825110924083     
   5.0599999999999801      -0.10191550112542061     
   5.0799999999999796       -9.5050982975867337E-002
   5.0999999999999792       -8.8217146839169827E-002
   5.1199999999999788       -8.1416407955912012E-002
   5.1399999999999784       -7.4651145865006180E-002
   5.1599999999999779       -6.7923703663298293E-002
   5.1799999999999775       -6.1236387288976991E-002
   5.1999999999999771       -5.4591464829281969E-002
   5.2199999999999767       -4.7991165852970322E-002
   5.2399999999999762       -4.1437680767962060E-002
   5.2599999999999758       -3.4933160204547488E-002
   5.2799999999999754       -2.8479714424500681E-002
   5.2999999999999750       -2.2079412756404043E-002
   5.3199999999999745       -1.5734283057449922E-002
   5.3399999999999741       -9.4463112019457923E-003
   5.3599999999999737       -3.2174405967103931E-003
   5.3799999999999732        2.9504282764908915E-003
   5.3999999999999728        9.0554382913618017E-003
   5.4199999999999724        1.5095776080270899E-002
   5.4399999999999720        2.1069672410193686E-002
   5.4599999999999715        2.6975402531404843E-002
   5.4799999999999711        3.2811286498960673E-002
   5.4999999999999707        3.8575689467047390E-002
   5.5199999999999703        4.4267021956305642E-002
   5.5399999999999698        4.9883740094275167E-002
   5.5599999999999694        5.5424345829136176E-002
   5.5799999999999690        6.0887387116955460E-002
   5.5999999999999686        6.6271458082675358E-002
   5.6199999999999681        7.1575199155112762E-002
   5.6399999999999677        7.6797297176262755E-002
   5.6599999999999673        8.1936485485228042E-002
   5.6799999999999669        8.6991543977119834E-002
   5.6999999999999664        9.1961299137299404E-002
   5.7199999999999660        9.6844624051351524E-002
   5.7399999999999656       0.10164043839120129     
   5.7599999999999651       0.10634770837780490     
   5.7799999999999647       0.11096544672086243     
   5.7999999999999643       0.11549271253601656     
   5.8199999999999639       0.11992861124001554     
   5.8399999999999634       0.12427229442433192     
   5.8599999999999630       0.12852295970773983     
   5.8799999999999626       0.13267985056836371     
   5.8999999999999622       0.13674225615571986     
   5.9199999999999617       0.14070951108327986     
   5.9399999999999613       0.14458099520208986     
   5.9599999999999609       0.14835613335598510     
   5.9799999999999605       0.15203439511894182     
   5.9999999999999600       0.15561529451511044     
   6.0199999999999596       0.15909838972207524     
   6.0399999999999592       0.16248328275788457     
   6.0599999999999588       0.16576961915239480     
   6.0799999999999583       0.16895708760346809     
   6.0999999999999579       0.17204541961856057     
   6.1199999999999575       0.17503438914223340     
   6.1399999999999570       0.17792381217011285     
   6.1599999999999566       0.18071354634982012     
   6.1799999999999562       0.18340349056938401     
   6.1999999999999558       0.18599358453364206     
   6.2199999999999553       0.18848380832912690     
   6.2399999999999549       0.19087418197792608     
   6.2599999999999545       0.19316476498099353     
   6.2799999999999541       0.19535565585138095     
   6.2999999999999536       0.19744699163784676     
   6.3199999999999532       0.19943894743928944     
   6.3399999999999528       0.20133173591044082     
   6.3599999999999524       0.20312560675924327     
   6.3799999999999519       0.20482084623632310     
   6.3999999999999515       0.20641777661696070     
   6.4199999999999511       0.20791675567594550     
   6.4399999999999507       0.20931817615569251     
   6.4599999999999502       0.21062246522798411     
   6.4799999999999498       0.21183008394968966     
   6.4999999999999494       0.21294152671280267     
   6.5199999999999489       0.21395732068912388     
   6.5399999999999485       0.21487802526990654     
   6.5599999999999481       0.21570423150076856     
   6.5799999999999477       0.21643656151216506     
   6.5999999999999472       0.21707566794570327     
   6.6199999999999468       0.21762223337657122     
   6.6399999999999464       0.21807696973234078     
   6.6599999999999460       0.21844061770839546     
   6.6799999999999455       0.21871394618022350     
   6.6999999999999451       0.21889775161280697     
   6.7199999999999447       0.21899285746732866     
   6.7399999999999443       0.21900011360540944     
   6.7599999999999438       0.21892039569108088     
   6.7799999999999434       0.21875460459068924     
   6.7999999999999430       0.21850366577092009     
   6.8199999999999426       0.21816852869512524     
   6.8399999999999421       0.21775016621812721     
   6.8599999999999417       0.21724957397967029     
   6.8799999999999413       0.21666776979668143     
   6.8999999999999408       0.21600579305449863     
   6.9199999999999404       0.21526470409722023     
   6.9399999999999400       0.21444558361732349     
   6.9599999999999396       0.21354953204469734     
   6.9799999999999391       0.21257766893523003     
   6.9999999999999387       0.21153113235909010     
   7.0199999999999383       0.21041107828883576     
   7.0399999999999379       0.20921867998748545     
   7.0599999999999374       0.20795512739668104     
   7.0799999999999370       0.20662162652507290     
   7.0999999999999366       0.20521939883705539     
   7.1199999999999362       0.20374968064198004     
   7.1399999999999357       0.20221372248397385     
   7.1599999999999353       0.20061278853248923     
   7.1799999999999349       0.19894815597371296     
   7.1999999999999345       0.19722111440296108     
   7.2199999999999340       0.19543296521818840     
   7.2399999999999336       0.19358502101474109     
   7.2599999999999332       0.19167860498148293     
   7.2799999999999327       0.18971505029842609     
   7.2999999999999323       0.18769569953600013     
   7.3199999999999319       0.18562190405609319     
   7.3399999999999315       0.18349502341500221     
   7.3599999999999310       0.18131642476843035     
   7.3799999999999306       0.17908748227867205     
   7.3999999999999302       0.17680957652412821     
   7.4199999999999298       0.17448409391129610     
   7.4399999999999293       0.17211242608938082     
   7.4599999999999289       0.16969596936767720     
   7.4799999999999285       0.16723612413587358     
   7.4999999999999281       0.16473429428743061     
   7.5199999999999276       0.16219188664619069     
   7.5399999999999272       0.15961031039637544     
   7.5599999999999268       0.15699097651613098     
   7.5799999999999264       0.15433529721478229     
   7.5999999999999259       0.15164468537395975     
   7.6199999999999255       0.14892055399276297     
   7.6399999999999251       0.14616431563712781     
   7.6599999999999246       0.14337738189356491     
   7.6799999999999242       0.14056116282743783     
   7.6999999999999238       0.13771706644595122     
   7.7199999999999234       0.13484649816601946     
   7.7399999999999229       0.13195086028718675     
   7.7599999999999225       0.12903155146977074     
   7.7799999999999221       0.12608996621840099     
   7.7999999999999217       0.12312749437112416     
   7.8199999999999212       0.12014552059424727     
   7.8399999999999208       0.11714542388308972     
   7.8599999999999204       0.11412857706881421     
   7.8799999999999200       0.11109634633150529     
   7.8999999999999195       0.10805009071966340     
   7.9199999999999191       0.10499116167628025     
   7.9399999999999187       0.10192090257165991     
   7.9599999999999183        9.8840648243147616E-002
   7.9799999999999178        9.5751724541926334E-002
   7.9999999999999174        9.2655447887038056E-002
   8.0199999999999179        8.9553124826784430E-002
   8.0399999999999174        8.6446051607657948E-002
   8.0599999999999170        8.3335513750951662E-002
   8.0799999999999166        8.0222785637191957E-002
   8.0999999999999162        7.7109130098534887E-002
   8.1199999999999157        7.3995798019262815E-002
   8.1399999999999153        7.0884027944513733E-002
   8.1599999999999149        6.7775045697371084E-002
   8.1799999999999145        6.4670064004437686E-002
   8.1999999999999140        6.1570282130011929E-002
   8.2199999999999136        5.8476885518979983E-002
   8.2399999999999132        5.5391045448532197E-002
   8.2599999999999127        5.2313918688806728E-002
   8.2799999999999123        4.9246647172557834E-002
   8.2999999999999119        4.6190357673940766E-002
   8.3199999999999115        4.3146161496499323E-002
   8.3399999999999110        4.0115154170436422E-002
   8.3599999999999106        3.7098415159241900E-002
   8.3799999999999102        3.4097007575745873E-002
   8.3999999999999098        3.1111977907659759E-002
   8.4199999999999093        2.8144355752660933E-002
   8.4399999999999089        2.5195153563070716E-002
   8.4599999999999085        2.2265366400169115E-002
   8.4799999999999081        1.9355971698183445E-002
   8.4999999999999076        1.6467929037981652E-002
   8.5199999999999072        1.3602179930494776E-002
   8.5399999999999068        1.0759647609886739E-002
   8.5599999999999064        7.9412368364833192E-003
   8.5799999999999059        5.1478337094659115E-003
   8.5999999999999055        2.3803054893294516E-003
   8.6199999999999051       -3.6049956990227795E-004
   8.6399999999999046       -3.0737523787168525E-003
   8.6599999999999042       -5.7586431604278385E-003
   8.6799999999999038       -8.4143815897887199E-003
   8.6999999999999034       -1.1040196921936836E-002
   8.7199999999999029       -1.3635338111703808E-002
   8.7399999999999025       -1.6199073923334553E-002
   8.7599999999999021       -1.8730693030662531E-002
   8.7799999999999017       -2.1229504107794280E-002
   8.7999999999999012       -2.3694835910361513E-002
   8.8199999999999008       -2.6126037347404235E-002
   8.8399999999999004       -2.8522477543953314E-002
   8.8599999999999000       -3.0883545894385758E-002
   8.8799999999998995       -3.3208652106630640E-002
   8.8999999999998991       -3.5497226237308166E-002
   8.9199999999998987       -3.7748718717888721E-002
   8.9399999999998983       -3.9962600371962947E-002
   8.9599999999998978       -4.2138362423717893E-002
   8.9799999999998974       -4.4275516497718208E-002
   8.9999999999998970       -4.6373594610095034E-002
   9.0199999999998965       -4.8432149151248660E-002
   9.0399999999998961       -5.0450752860174565E-002
   9.0599999999998957       -5.2428998790525379E-002
   9.0799999999998953       -5.4366500268524562E-002
   9.0999999999998948       -5.6262890842850174E-002
   9.1199999999998944       -5.8117824226609993E-002
   9.1399999999998940       -5.9930974231531535E-002
   9.1599999999998936       -6.1702034694492938E-002
   9.1799999999998931       -6.3430719396522867E-002
   9.1999999999998927       -6.5116761974399376E-002
   9.2199999999998923       -6.6759915824979796E-002
   9.2399999999998919       -6.8359954002395085E-002
   9.2599999999998914       -6.9916669108243748E-002
   9.2799999999998910       -7.1429873174921776E-002
   9.2999999999998906       -7.2899397542226227E-002
   9.3199999999998902       -7.4325092727371117E-002
   9.3399999999998897       -7.5706828288555322E-002
   9.3599999999998893       -7.7044492682222868E-002
   9.3799999999998889       -7.8337993114156665E-002
   9.3999999999998884       -7.9587255384547390E-002
   9.4199999999998880       -8.0792223727179466E-002
   9.4399999999998876       -8.1952860642876574E-002
   9.4599999999998872       -8.3069146727349108E-002
   9.4799999999998867       -8.4141080493586304E-002
   9.4999999999998863       -8.5168678188935573E-002
   9.5199999999998859       -8.6151973607011503E-002
   9.5399999999998855       -8.7091017894576891E-002
   9.5599999999998850       -8.7985879353537785E-002
   9.5799999999998846       -8.8836643238194055E-002
   9.5999999999998842       -8.9643411547886881E-002
   9.6199999999998838       -9.0406302815183637E-002
   9.6399999999998833       -9.1125451889740458E-002
   9.6599999999998829       -9.1801009717981760E-002
   9.6799999999998825       -9.2433143118735642E-002
   9.6999999999998820       -9.3022034554963121E-002
   9.7199999999998816       -9.3567881901718442E-002
   9.7399999999998812       -9.4070898210476817E-002
   9.7599999999998808       -9.4531311469965226E-002
   9.7799999999998803       -9.4949364363630814E-002
   9.7999999999998799       -9.5325314023880489E-002
   9.8199999999998795       -9.5659431783224641E-002
   9.8399999999998791       -9.5952002922456453E-002
   9.8599999999998786       -9.6203326415997700E-002
   9.8799999999998782       -9.6413714674540629E-002
   9.8999999999998778       -9.6583493285114536E-002
   9.9199999999998774       -9.6713000748704689E-002
   9.9399999999998769       -9.6802588215550087E-002
   9.9599999999998765       -9.6852619218245464E-002
   9.9799999999998761       -9.6863469402771948E-002
   9.9999999999998757       -9.6835526257579671E-002
   10.019999999999875       -9.6769188840844497E-002
   10.039999999999875       -9.6664867506020033E-002
   10.059999999999874       -9.6522983625804984E-002
   10.079999999999874       -9.6343969314644826E-002
   10.099999999999874       -9.6128267149885621E-002
   10.119999999999873       -9.5876329891696963E-002
   10.139999999999873       -9.5588620201879720E-002
   10.159999999999872       -9.5265610361673358E-002
   10.179999999999872       -9.4907781988676471E-002
   10.199999999999871       -9.4515625752993188E-002
   10.219999999999871       -9.4089641092717044E-002
   10.239999999999871       -9.3630335928862940E-002
   10.259999999999870       -9.3138226379856637E-002
   10.279999999999870       -9.2613836475690367E-002
   10.299999999999869       -9.2057697871852140E-002
   10.319999999999869       -9.1470349563135198E-002
   10.339999999999868       -9.0852337597433108E-002
   10.359999999999868       -9.0204214789625092E-002
   10.379999999999868       -8.9526540435655028E-002
   10.399999999999867       -8.8819880026906758E-002
   10.419999999999867       -8.8084804964977101E-002
   10.439999999999866       -8.7321892276947227E-002
   10.459999999999866       -8.6531724331251933E-002
   10.479999999999865       -8.5714888554245236E-002
   10.499999999999865       -8.4871977147560021E-002
   10.519999999999865       -8.4003586806358152E-002
   10.539999999999864       -8.3110318438566644E-002
   10.559999999999864       -8.2192776885194357E-002
   10.579999999999863       -8.1251570641822757E-002
   10.599999999999863       -8.0287311581363097E-002
   10.619999999999862       -7.9300614678171483E-002
   10.639999999999862       -7.8292097733612134E-002
   10.659999999999862       -7.7262381103158084E-002
   10.679999999999861       -7.6212087425117467E-002
   10.699999999999861       -7.5141841351072464E-002
   10.719999999999860       -7.4052269278116811E-002
   10.739999999999860       -7.2943999082976690E-002
   10.759999999999859       -7.1817659858098543E-002
   10.779999999999859       -7.0673881649786358E-002
   10.799999999999859       -6.9513295198469549E-002
   10.819999999999858       -6.8336531681181492E-002
   10.839999999999858       -6.7144222456327465E-002
   10.859999999999857       -6.5936998810819381E-002
   10.879999999999857       -6.4715491709653655E-002
   10.899999999999856       -6.3480331548006960E-002
   10.919999999999856       -6.2232147905923310E-002
   10.939999999999856       -6.0971569305664781E-002
   10.959999999999855       -5.9699222971796459E-002
   10.979999999999855       -5.8415734594074960E-002
   10.999999999999854       -5.7121728093208410E-002
   11.019999999999854       -5.5817825389554210E-002
   11.039999999999853       -5.4504646174819475E-002
   11.059999999999853       -5.3182807686827482E-002
   11.079999999999853       -5.1852924487411918E-002
   11.099999999999852       -5.0515608243499086E-002
   11.119999999999852       -4.9171467511436667E-002
   11.139999999999851       -4.7821107524626011E-002
   11.159999999999851       -4.6465129984513208E-002
   11.179999999999851       -4.5104132854992568E-002
   11.199999999999850       -4.3738710160274398E-002
   11.219999999999850       -4.2369451786267248E-002
   11.239999999999849       -4.0996943285523051E-002
   11.259999999999849       -3.9621765685791802E-002
   11.279999999999848       -3.8244495302230633E-002
   11.299999999999848       -3.6865703553310335E-002
   11.319999999999848       -3.5485956780460536E-002
   11.339999999999847       -3.4105816071492961E-002
   11.359999999999847       -3.2725837087840208E-002
   11.379999999999846       -3.1346569895645764E-002
   11.399999999999846       -2.9968558800738985E-002
   11.419999999999845       -2.8592342187526917E-002
   11.439999999999845       -2.7218452361832908E-002
   11.459999999999845       -2.5847415397710054E-002
   11.479999999999844       -2.4479750988255618E-002
   11.499999999999844       -2.3115972300450566E-002
   11.519999999999843       -2.1756585834046559E-002
   11.539999999999843       -2.0402091284520640E-002
   11.559999999999842       -1.9052981410116070E-002
   11.579999999999842       -1.7709741902985729E-002
   11.599999999999842       -1.6372851264452634E-002
   11.619999999999841       -1.5042780684400134E-002
   11.639999999999841       -1.3719993924802458E-002
   11.659999999999840       -1.2404947207404378E-002
   11.679999999999840       -1.1098089105556801E-002
   11.699999999999839       -9.7998604402132379E-003
   11.719999999999839       -8.5106941800901746E-003
   11.739999999999839       -7.2310153459925501E-003
   11.759999999999838       -5.9612409193035929E-003
   11.779999999999838       -4.7017797546365127E-003
   11.799999999999837       -3.4530324966436403E-003
   11.819999999999837       -2.2153915009768374E-003
   11.839999999999836       -9.8924075939118184E-004
   11.859999999999836        2.2504417101783594E-004
   11.879999999999836        1.4270962344551160E-003
   11.899999999999835        2.6165569389580033E-003
   11.919999999999835        3.7930764148345394E-003
   11.939999999999834        4.9563134690245479E-003
   11.959999999999834        6.1059356354018404E-003
   11.979999999999833        7.2416192210374535E-003
   11.999999999999833        8.3630493484454366E-003
   12.019999999999833        9.4699199938342686E-003
   12.039999999999832        1.0561934021388530E-002
   12.059999999999832        1.1638803213606972E-002
   12.079999999999831        1.2700248297724578E-002
   12.099999999999831        1.3745998968247693E-002
   12.119999999999830        1.4775793905632688E-002
   12.139999999999830        1.5789380791140010E-002
   12.159999999999830        1.6786516317896828E-002
   12.179999999999829        1.7766966198202758E-002
   12.199999999999829        1.8730505167114511E-002
   12.219999999999828        1.9676916982346436E-002
   12.239999999999828        2.0605994420525246E-002
   12.259999999999827        2.1517539269838314E-002
   12.279999999999827        2.2411362319116099E-002
   12.299999999999827        2.3287283343390357E-002
   12.319999999999826        2.4145131085970828E-002
   12.339999999999826        2.4984743237084158E-002
   12.359999999999825        2.5805966409119804E-002
   12.379999999999825        2.6608656108528576E-002
   12.399999999999824        2.7392676704420464E-002
   12.419999999999824        2.8157901393909210E-002
   12.439999999999824        2.8904212164251993E-002
   12.459999999999823        2.9631499751833375E-002
   12.479999999999823        3.0339663598043441E-002
   12.499999999999822        3.1028611802100790E-002
   12.519999999999822        3.1698261070871786E-002
   12.539999999999822        3.2348536665738122E-002
   12.559999999999821        3.2979372346565346E-002
   12.579999999999821        3.3590710312825740E-002
   12.599999999999820        3.4182501141929292E-002
   12.619999999999820        3.4754703724817301E-002
   12.639999999999819        3.5307285198873439E-002
   12.659999999999819        3.5840220878207693E-002
   12.679999999999819        3.6353494181368996E-002
   12.699999999999818        3.6847096556542835E-002
   12.719999999999818        3.7321027404290386E-002
   12.739999999999817        3.7775293997886213E-002
   12.759999999999817        3.8209911401311768E-002
   12.779999999999816        3.8624902384962294E-002
   12.799999999999816        3.9020297339125015E-002
   12.819999999999816        3.9396134185286605E-002
   12.839999999999815        3.9752458285328300E-002
   12.859999999999815        4.0089322348667078E-002
   12.879999999999814        4.0406786337401544E-002
   12.899999999999814        4.0704917369521261E-002
   12.919999999999813        4.0983789620238339E-002
   12.939999999999813        4.1243484221500301E-002
   12.959999999999813        4.1484089159743096E-002
   12.979999999999812        4.1705699171943326E-002
   12.999999999999812        4.1908415640028729E-002
   13.019999999999811        4.2092346483705814E-002
   13.039999999999811        4.2257606051763742E-002
   13.059999999999810        4.2404315011913232E-002
   13.079999999999810        4.2532600239219363E-002
   13.099999999999810        4.2642594703187001E-002
   13.119999999999809        4.2734437353557406E-002
   13.139999999999809        4.2808273004874477E-002
   13.159999999999808        4.2864252219878933E-002
   13.179999999999808        4.2902531191788516E-002
   13.199999999999807        4.2923271625522154E-002
   13.219999999999807        4.2926640617925706E-002
   13.239999999999807        4.2912810537056832E-002
   13.259999999999806        4.2881958900586103E-002
   13.279999999999806        4.2834268253371319E-002
   13.299999999999805        4.2769926044261677E-002
   13.319999999999805        4.2689124502188126E-002
   13.339999999999804        4.2592060511595926E-002
   13.359999999999804        4.2478935487275098E-002
   13.379999999999804        4.2349955248644086E-002
   13.399999999999803        4.2205329893541657E-002
   13.419999999999803        4.2045273671581576E-002
   13.439999999999802        4.1870004857124270E-002
   13.459999999999802        4.1679745621919284E-002
   13.479999999999801        4.1474721907471909E-002
   13.499999999999801        4.1255163297186898E-002
   13.519999999999801        4.1021302888341750E-002
   13.539999999999800        4.0773377163941631E-002
   13.559999999999800        4.0511625864507413E-002
   13.579999999999799        4.0236291859847978E-002
   13.599999999999799        3.9947621020867290E-002
   13.619999999999798        3.9645862091456305E-002
   13.639999999999798        3.9331266560519253E-002
   13.659999999999798        3.9004088534183301E-002
   13.679999999999797        3.8664584608240002E-002
   13.699999999999797        3.8313013740866465E-002
   13.719999999999796        3.7949637125673528E-002
   13.739999999999796        3.7574718065127695E-002
   13.759999999999796        3.7188521844392967E-002
   13.779999999999795        3.6791315605638135E-002
   13.799999999999795        3.6383368222854436E-002
   13.819999999999794        3.5964950177227915E-002
   13.839999999999794        3.5536333433110127E-002
   13.859999999999793        3.5097791314630263E-002
   13.879999999999793        3.4649598382991025E-002
   13.899999999999793        3.4192030314490043E-002
   13.919999999999792        3.3725363779307807E-002
   13.939999999999792        3.3249876321102517E-002
   13.959999999999791        3.2765846237451574E-002
   13.979999999999791        3.2273552461178592E-002
   13.999999999999790        3.1773274442604325E-002
   14.019999999999790        3.1265292032758969E-002
   14.039999999999790        3.0749885367592777E-002
   14.059999999999789        3.0227334753221015E-002
   14.079999999999789        2.9697920552238695E-002
   14.099999999999788        2.9161923071139673E-002
   14.119999999999788        2.8619622448874036E-002
   14.139999999999787        2.8071298546576848E-002
   14.159999999999787        2.7517230838500672E-002
   14.179999999999787        2.6957698304183399E-002
   14.199999999999786        2.6392979321882240E-002
   14.219999999999786        2.5823351563303884E-002
   14.239999999999785        2.5249091889660076E-002
   14.259999999999785        2.4670476249077051E-002
   14.279999999999784        2.4087779575386506E-002
   14.299999999999784        2.3501275688324920E-002
   14.319999999999784        2.2911237195167296E-002
   14.339999999999783        2.2317935393820564E-002
   14.359999999999783        2.1721640177401035E-002
   14.379999999999782        2.1122619940319550E-002
   14.399999999999782        2.0521141485897086E-002
   14.419999999999781        1.9917469935532801E-002
   14.439999999999781        1.9311868639445631E-002
   14.459999999999781        1.8704599089009802E-002
   14.479999999999780        1.8095920830703691E-002
   14.499999999999780        1.7486091381690744E-002
   14.519999999999779        1.6875366147050243E-002
   14.539999999999779        1.6263998338674947E-002
   14.559999999999778        1.5652238895851774E-002
   14.579999999999778        1.5040336407540855E-002
   14.599999999999778        1.4428537036367487E-002
   14.619999999999777        1.3817084444340657E-002
   14.639999999999777        1.3206219720310997E-002
   14.659999999999776        1.2596181309180218E-002
   14.679999999999776        1.1987204942873203E-002
   14.699999999999775        1.1379523573083179E-002
   14.719999999999775        1.0773367305799518E-002
   14.739999999999775        1.0168963337626933E-002
   14.759999999999774        9.5665358939040126E-003
   14.779999999999774        8.9663061686282297E-003
   14.799999999999773        8.3684922661937614E-003
   14.819999999999773        7.7733091449476528E-003
   14.839999999999772        7.1809685625690671E-003
   14.859999999999772        6.5916790232755790E-003
   14.879999999999772        6.0056457268596736E-003
   14.899999999999771        5.4230705195578441E-003
   14.919999999999771        4.8441518467539175E-003
   14.939999999999770        4.2690847075174485E-003
   14.959999999999770        3.6980606109772943E-003
   14.979999999999769        3.1312675345297079E-003
   14.999999999999769        2.5688898838795555E-003
   15.019999999999769        2.0111084549125262E-003
   15.039999999999768        1.4581003973954717E-003
   15.059999999999768        9.1003918050129649E-004
   15.079999999999767        3.6709456015410712E-004
   15.099999999999767       -1.7056745181037410E-004
   15.119999999999767       -7.0278461667481725E-004
   15.139999999999766       -1.2293984960670867E-003
   15.159999999999766       -1.7502544773908826E-003
   15.179999999999765       -2.2652017974679316E-003
   15.199999999999765       -2.7740935644000935E-003
   15.219999999999764       -3.2767867776603934E-003
   15.239999999999764       -3.7731423464226212E-003
   15.259999999999764       -4.2630251061397707E-003
   15.279999999999763       -4.7463038333821943E-003
   15.299999999999763       -5.2228512589469582E-003
   15.319999999999762       -5.6925440792504724E-003
   15.339999999999762       -6.1552629660170466E-003
   15.359999999999761       -6.6108925742765891E-003
   15.379999999999761       -7.0593215486852365E-003
   15.399999999999761       -7.5004425281832232E-003
   15.419999999999760       -7.9341521490048569E-003
   15.439999999999760       -8.3603510460559666E-003
   15.459999999999759       -8.7789438526747181E-003
   15.479999999999759       -9.1898391987921667E-003
   15.499999999999758       -9.5929497075094260E-003
   15.519999999999758       -9.9881919901087836E-003
   15.539999999999758       -1.0375486639516558E-002
   15.559999999999757       -1.0754758222235955E-002
   15.579999999999757       -1.1125935268768599E-002
   15.599999999999756       -1.1488950262543833E-002
   15.619999999999756       -1.1843739627375312E-002
   15.639999999999755       -1.2190243713464798E-002
   15.659999999999755       -1.2528406781973445E-002
   15.679999999999755       -1.2858176988181251E-002
   15.699999999999754       -1.3179506363255690E-002
   15.719999999999754       -1.3492350794650903E-002
   15.739999999999753       -1.3796670005159157E-002
   15.759999999999753       -1.4092427530636597E-002
   15.779999999999752       -1.4379590696425620E-002
   15.799999999999752       -1.4658130592496517E-002
   15.819999999999752       -1.4928022047331289E-002
   15.839999999999751       -1.5189243600572819E-002
   15.859999999999751       -1.5441777474462863E-002
   15.879999999999750       -1.5685609544092531E-002
   15.899999999999750       -1.5920729306489197E-002
   15.919999999999749       -1.6147129848563972E-002
   15.939999999999749       -1.6364807813944116E-002
   15.959999999999749       -1.6573763368714901E-002
   15.979999999999748       -1.6774000166095721E-002
   15.999999999999748       -1.6965525310075301E-002
   16.019999999999747       -1.7148349318031102E-002
   16.039999999999747       -1.7322486082358157E-002
   16.059999999999746       -1.7487952831132657E-002
   16.079999999999746       -1.7644770087835791E-002
   16.099999999999746       -1.7792961630163449E-002
   16.119999999999745       -1.7932554447947457E-002
   16.139999999999745       -1.8063578700214147E-002
   16.159999999999744       -1.8186067671406143E-002
   16.179999999999744       -1.8300057726793276E-002
   16.199999999999743       -1.8405588267098646E-002
   16.219999999999743       -1.8502701682365858E-002
   16.239999999999743       -1.8591443305093512E-002
   16.259999999999742       -1.8671861362663068E-002
   16.279999999999742       -1.8744006929086163E-002
   16.299999999999741       -1.8807933876097551E-002
   16.319999999999741       -1.8863698823619744E-002
   16.339999999999741       -1.8911361089625451E-002
   16.359999999999740       -1.8950982639423936E-002
   16.379999999999740       -1.8982628034397254E-002
   16.399999999999739       -1.9006364380212422E-002
   16.419999999999739       -1.9022261274535414E-002
   16.439999999999738       -1.9030390754272875E-002
   16.459999999999738       -1.9030827242367324E-002
   16.479999999999738       -1.9023647494171569E-002
   16.499999999999737       -1.9008930543427938E-002
   16.519999999999737       -1.8986757647877855E-002
   16.539999999999736       -1.8957212234527131E-002
   16.559999999999736       -1.8920379844592286E-002
   16.579999999999735       -1.8876348078153016E-002
   16.599999999999735       -1.8825206538535862E-002
   16.619999999999735       -1.8767046776453907E-002
   16.639999999999734       -1.8701962233927248E-002
   16.659999999999734       -1.8630048188008775E-002
   16.679999999999733       -1.8551401694339657E-002
   16.699999999999733       -1.8466121530558734E-002
   16.719999999999732       -1.8374308139589835E-002
   16.739999999999732       -1.8276063572830854E-002
   16.759999999999732       -1.8171491433268218E-002
   16.779999999999731       -1.8060696818540150E-002
   16.799999999999731       -1.7943786263971973E-002
   16.819999999999730       -1.7820867685606402E-002
   16.839999999999730       -1.7692050323251614E-002
   16.859999999999729       -1.7557444683569609E-002
   16.879999999999729       -1.7417162483227149E-002
   16.899999999999729       -1.7271316592131328E-002
   16.919999999999728       -1.7120020976771538E-002
   16.939999999999728       -1.6963390643689374E-002
   16.959999999999727       -1.6801541583097740E-002
   16.979999999999727       -1.6634590712670146E-002
   16.999999999999726       -1.6462655821520920E-002
   17.019999999999726       -1.6285855514396756E-002
   17.039999999999726       -1.6104309156099766E-002
   17.059999999999725       -1.5918136816161881E-002
   17.079999999999725       -1.5727459213790186E-002
   17.099999999999724       -1.5532397663102403E-002
   17.119999999999724       -1.5333074018671540E-002
   17.139999999999723       -1.5129610621398303E-002
   17.159999999999723       -1.4922130244729616E-002
   17.179999999999723       -1.4710756041241278E-002
   17.199999999999722       -1.4495611489602425E-002
   17.219999999999722       -1.4276820341939172E-002
   17.239999999999721       -1.4054506571614467E-002
   17.259999999999721       -1.3828794321440855E-002
   17.279999999999720       -1.3599807852342525E-002
   17.299999999999720       -1.3367671492482650E-002
   17.319999999999720       -1.3132509586871708E-002
   17.339999999999719       -1.2894446447472124E-002
   17.359999999999719       -1.2653606303814204E-002
   17.379999999999718       -1.2410113254138017E-002
   17.399999999999718       -1.2164091217075478E-002
   17.419999999999717       -1.1915663883886589E-002
   17.439999999999717       -1.1664954671263383E-002
   17.459999999999717       -1.1412086674714786E-002
   17.479999999999716       -1.1157182622545232E-002
   17.499999999999716       -1.0900364830439546E-002
   17.519999999999715       -1.0641755156666164E-002
   17.539999999999715       -1.0381474957910483E-002
   17.559999999999715       -1.0119645045749708E-002
   17.579999999999714       -9.8563856437801980E-003
   17.599999999999714       -9.5918163454079934E-003
   17.619999999999713       -9.3260560723127644E-003
   17.639999999999713       -9.0592230335951093E-003
   17.659999999999712       -8.7914346856167291E-003
   17.679999999999712       -8.5228076925426468E-003
   17.699999999999712       -8.2534578875942607E-003
   17.719999999999711       -7.9835002350216594E-003
   17.739999999999711       -7.7130487928032381E-003
   17.759999999999710       -7.4422166760803174E-003
   17.779999999999710       -7.1711160213340508E-003
   17.799999999999709       -6.8998579513115804E-003
   17.819999999999709       -6.6285525407080055E-003
   17.839999999999709       -6.3573087826103679E-003
   17.859999999999708       -6.0862345557094960E-003
   17.879999999999708       -5.8154365922851768E-003
   17.899999999999707       -5.5450204469697645E-003
   17.919999999999707       -5.2750904662949771E-003
   17.939999999999706       -5.0057497590262545E-003
   17.959999999999706       -4.7371001672887134E-003
   17.979999999999706       -4.4692422384883636E-003
   17.999999999999705       -4.2022751980318965E-003
   18.019999999999705       -3.9362969228480078E-003
   18.039999999999704       -3.6714039157128616E-003
   18.059999999999704       -3.4076912803819538E-003
   18.079999999999703       -3.1452526975302899E-003
   18.099999999999703       -2.8841804015024477E-003
   18.119999999999703       -2.6245651578737520E-003
   18.139999999999702       -2.3664962418234532E-003
   18.159999999999702       -2.1100614173204680E-003
   18.179999999999701       -1.8553469171219011E-003
   18.199999999999701       -1.6024374235842499E-003
   18.219999999999700       -1.3514160502868580E-003
   18.239999999999700       -1.1023643244668670E-003
   18.259999999999700       -8.5536217026459585E-004
   18.279999999999699       -6.1048789277796294E-004
   18.299999999999699       -3.6781816292425363E-004
   18.319999999999698       -1.2742800310722917E-004
   18.339999999999698        1.1060922631272999E-004
   18.359999999999697        3.4622183974805469E-004
   18.379999999999697        5.7933983831589370E-004
   18.399999999999697        8.0989492097569113E-004
   18.419999999999696        1.0378204948759159E-003
   18.439999999999696        1.2630516849137085E-003
   18.459999999999695        1.4855253425114874E-003
   18.479999999999695        1.7051800536148330E-003
   18.499999999999694        1.9219561459162355E-003
   18.519999999999694        2.1357956953095606E-003
   18.539999999999694        2.3466425315803413E-003
   18.559999999999693        2.5544422433372706E-003
   18.579999999999693        2.7591421821905075E-003
   18.599999999999692        2.9606914661826672E-003
   18.619999999999692        3.1590409824785990E-003
   18.639999999999691        3.3541433893202973E-003
   18.659999999999691        3.5459531172535187E-003
   18.679999999999691        3.7344263696329079E-003
   18.699999999999690        3.9195211224126534E-003
   18.719999999999690        4.1011971232299141E-003
   18.739999999999689        4.2794158897884660E-003
   18.759999999999689        4.4541407075502221E-003
   18.779999999999688        4.6253366267424911E-003
   18.799999999999688        4.7929704586890162E-003
   18.819999999999688        4.9570107714730473E-003
   18.839999999999687        5.1174278849408688E-003
   18.859999999999687        5.2741938650543944E-003
   18.879999999999686        5.4272825176016086E-003
   18.899999999999686        5.5766693812738114E-003
   18.919999999999686        5.7223317201187769E-003
   18.939999999999685        5.8642485153791056E-003
   18.959999999999685        6.0024004567251930E-003
   18.979999999999684        6.1367699328923938E-003
   18.999999999999684        6.2673410217320979E-003
   19.019999999999683        6.3940994796865746E-003
   19.039999999999683        6.5170327306975700E-003
   19.059999999999683        6.6361298545587746E-003
   19.079999999999682        6.7513815747223902E-003
   19.099999999999682        6.8627802455701516E-003
   19.119999999999681        6.9703198391592586E-003
   19.139999999999681        7.0739959314537878E-003
   19.159999999999680        7.1738056880522507E-003
   19.179999999999680        7.2697478494220492E-003
   19.199999999999680        7.3618227156516869E-003
   19.219999999999679        7.4500321307316647E-003
   19.239999999999679        7.5343794663750713E-003
   19.259999999999678        7.6148696053889575E-003
   19.279999999999678        7.6915089246076410E-003
   19.299999999999677        7.7643052773991618E-003
   19.319999999999677        7.8332679757561648E-003
   19.339999999999677        7.8984077719825314E-003
   19.359999999999676        7.9597368399871356E-003
   19.379999999999676        8.0172687561961466E-003
   19.399999999999675        8.0710184800953291E-003
   19.419999999999675        8.1210023344138304E-003
   19.439999999999674        8.1672379849609712E-003
   19.459999999999674        8.2097444201275765E-003
   19.479999999999674        8.2485419300634064E-003
   19.499999999999673        8.2836520855422546E-003
   19.519999999999673        8.3150977165263040E-003
   19.539999999999672        8.3429028904412981E-003
   19.559999999999672        8.3670928901741406E-003
   19.579999999999671        8.3876941918044796E-003
   19.599999999999671        8.4047344420818508E-003
   19.619999999999671        8.4182424356599259E-003
   19.639999999999670        8.4282480920994107E-003
   19.659999999999670        8.4347824326510990E-003
   19.679999999999669        8.4378775568305520E-003
   19.699999999999669        8.4375666187958779E-003
   19.719999999999668        8.4338838035400050E-003
   19.739999999999668        8.4268643029088326E-003
   19.759999999999668        8.4165442914565895E-003
   19.779999999999667        8.4029609021496771E-003
   19.799999999999667        8.3861522019302338E-003
   19.819999999999666        8.3661571671505772E-003
   19.839999999999666        8.3430156588896517E-003
   19.859999999999665        8.3167683981625242E-003
   19.879999999999665        8.2874569410339056E-003
   19.899999999999665        8.2551236536466052E-003
   19.919999999999664        8.2198116871757560E-003
   19.939999999999664        8.1815649527195583E-003
   19.959999999999663        8.1404280961372213E-003
   19.979999999999663        8.0964464728446837E-003
   19.999999999999662        8.0496661225786092E-003
