0.945748091
0.408630133
0.246241093
0.801571667
1.65882707
0.662324309
0.348736823
0.954088330
0.504351020
0.823224545
0.576941729
0.547154725
0.833939493
0.635686457
0.718434095
0.108789563
0.521474659
4.28670049
6.90423846
0.493216455
0.436498761
0.641479969
0.406163275
0.504547596
0.730324924
0.935573399
0.442010522
0.880652428
0.552146077
0.643158495
0.703322947
0.933294237
0.768353760
0.743252516
0.117679000
2.27806568
0.124440551
0.338626862
0.377118409
0.202756226
0.194475591
0.576613724
0.503274143
0.928355575
0.349583387
0.273047626
0.775245130
0.211118400
6.56669736
0.412961245
0.309163749
0.842635572
0.428953946
0.406216204
0.882194579
0.211978197
0.911431491
0.404841125
0.986807823
0.515780151
0.380528867
0.774925947
0.246837378
0.211621881
0.257259607
0.649386525
0.347598791
0.903464735
0.219443142
 8.75235200
0.927139640
0.301980317
 3.21009159
 3.90487313
0.398126602
0.397243023
0.960936427
0.634777069
0.417508245
0.271640182
0.312080503
0.912491679
0.712352276
0.726015091
0.681819618
0.324824572
7.55797625
0.355773509
0.683254063
0.716400862
0.255061328
0.469176233
0.108032703
0.112783670
0.273921430
0.388107419
0.970041990
0.356984735
0.353771448
0.781311929
