  0.54867101659821937       -4.9277583295272064E-002
  0.53943219347284532       -9.2388231253740974E-002
  0.52650236658823046      -0.12929826884614851     
  0.51049862659958090      -0.16003739988649548     
  0.49202916521632911      -0.18469461383251773     
  0.47168767876705281      -0.20341486449276308     
  0.45004806013110354      -0.21639618635949281     
  0.42765936801116239      -0.22388692119941145     
  0.40504109114307318      -0.22618276868089177     
  0.38267874721178524      -0.22362343931287937     
  0.36101987070252256      -0.21658876509262695     
  0.34047045039973467      -0.20549420302787888     
  0.32139187634399186      -0.19078574055742828     
  0.30409844901060218      -0.17293427333389652     
  0.28885549192857268      -0.15242957082029510     
  0.27587809470383207      -0.12977397224740594     
  0.26533049814220711      -0.10547596561624957     
  0.25732611830195767       -8.0043798402494482E-002
  0.25192819286442059       -5.3979254375370767E-002
  0.24915102178244061       -2.7771710819799747E-002
  0.24896176493474478       -1.8925684769583659E-003
  0.25128275234616049        2.3209874114156839E-002
  0.25599425709069018        4.7115047445297042E-002
  0.26293767685879710        6.9434197681069065E-002
  0.27191906695493617        8.9813900961390775E-002
  0.28271296492478548       0.10793897969849281     
  0.29506644498488788       0.12353480060102408     
  0.30870333900240610       0.13636894017518192     
  0.32332856015421158       0.14625221151805465     
  0.33863246587449058       0.15303905720279012     
  0.35429519858542624       0.15662732710935684     
  0.36999094624307144       0.15695747657645198     
  0.38539207004104448       0.15401123797973057     
  0.40017305364708666       0.14780983606042167     
  0.41401423685951583       0.13841183212429153     
  0.42660530613779135       0.12591069278275535     
  0.43764852451225128       0.11043218374459905     
  0.44686169324843611        9.2131687361848194E-002
  0.45398084663975907        7.1191533913229479E-002
  0.45876268877664816        4.7818421368890959E-002
  0.46098678653875252        2.2240977621043743E-002
  0.46045753597589761       -5.2925056285492295E-003
  0.45700591946165864       -3.4516165142389997E-002
  0.45049106849955034       -6.5148509621083192E-002
  0.44080164202032973       -9.6894264792206308E-002
  0.42785702281432064      -0.12944619206009114     
  0.41160832596582314      -0.16248696848497479     
  0.39203920353350374      -0.19569122432319411     
  0.36916642012298734      -0.22872783410516401     
  0.34304016539378168      -0.26126254729205672     
  0.31374406294334545      -0.29296102450436251     
  0.28139483140137134      -0.32349231541974111     
  0.24614155381918645      -0.35253277582184894     
  0.20816451621166601      -0.37977037607520431     
  0.16767358574303609      -0.40490930468629904     
  0.12490611346920255      -0.42767472273833534     
   8.0124365198570635E-002 -0.44781748270631905     
   3.3612505842834872E-002 -0.46511859355735763     
  -1.4326813938244538E-002 -0.47939319781079409     
  -6.3376196833853746E-002 -0.49049382895609206     
 -0.11320747094308323      -0.49831274109229473     
 -0.16348578557875615      -0.50278314635672905     
 -0.21387371124538501      -0.50387925666628852     
 -0.26403522116968359      -0.50161509924298586     
 -0.31363943651086906      -0.49604215341185476     
 -0.36236402966807746      -0.48724593157208401     
 -0.40989819893799889      -0.47534169269921445     
 -0.45594515155966420      -0.46046952621665277     
 -0.50022405892544786      -0.44278907365783698     
 -0.54247147530519568      -0.42247416379747871     
 -0.58244223779482784      -0.39970762489632183     
 -0.61990988864218244      -0.37467650847354644     
 -0.65466668035076592      -0.34756791708583423     
 -0.68652323825763062      -0.31856557906864663     
 -0.71530796436667865      -0.28784726109047976     
 -0.74086627026642993      -0.25558305899751244     
 -0.76305972646930809      -0.22193456202878181     
 -0.78176521117783471      -0.18705484708526654     
 -0.79687413409631236      -0.15108922918477596     
 -0.80829180123371658      -0.11417667137404211     
 -0.81593697536453846       -7.6451741308218579E-002
 -0.81974167447522928       -3.8046991106908040E-002
 -0.81965123751989288        9.0436955336442582E-004
 -0.81562467339170630        4.0265641281865869E-002
 -0.80763529532165956        7.9893780700467334E-002
 -0.79567162900464505       0.11963666317014557     
 -0.77973856866366498       0.15933060340980049     
 -0.75985874107096563       0.19879827592699398     
 -0.73607402342056916       0.23784717650396464     
 -0.70844714721045121       0.27626876210117984     
 -0.67706330745860765       0.31383839751843590     
 -0.64203168537684563       0.35031622081762048     
 -0.60348678400209266       0.38544901374752949     
 -0.56158947134684578       0.41897312655246904     
 -0.51652762556363108       0.45061845783214738     
 -0.46851628254634992       0.48011343017281183     
 -0.41779719919622710       0.50719083350122796     
 -0.36463776570088086       0.53159433495346253     
 -0.30932922741344787       0.55308538287432973     
 -0.25218421029066762       0.57145017122780239     
 -0.19353358152479175       0.58650628765875878     
 -0.13372271637304120       0.59810865151750547     
  -7.3107280062685021E-002  0.60615436310356174     
  -1.2048666602622014E-002  0.61058613460063005     
   4.9090738876163033E-002  0.61139405478785047     
  0.10995229360233530       0.60861554726172273     
  0.17018564413657078       0.60233350534235475     
  0.22945291546824187       0.59267271331671101     
  0.28743239345285809       0.57979477984616234     
  0.34382158378771732       0.56389190334859218     
  0.39833956901644585       0.54517985228728516     
  0.45072862613909098       0.52389057122645133     
  0.50075510779291210       0.50026481653821142     
  0.54820962660926620       0.47454518816354063     
  0.59290661292972147       0.44696986320455218     
  0.63468333915428210       0.41776726224560662     
  0.67339851906812698       0.38715179913844833     
  0.70893059781017731       0.35532078742050377     
  0.74117584856825425       0.32245250758076882     
  0.77004638685504723       0.28870538286792979     
  0.79546820374882632       0.25421816893779053     
  0.81737930717279039       0.21911103423964090     
  0.83572804639126641       0.18348739218476073     
  0.85047168044470878       0.14743634053442378     
  0.86157523698739391       0.11103556542685081     
  0.86901069442381307        7.4354574364191073E-002
  0.87275650761258627        3.7458131887731963E-002
  0.87279748577091509        4.0978158328847797E-004
  0.86912502046864737       -3.6724653022676745E-002
  0.86173765155166204       -7.3873689169853041E-002
  0.85064194923633341      -0.11095702315328665     
  0.83585368123103909      -0.14788268005294303     
  0.81739922437873980      -0.18454456852299289     
  0.79531717088312437      -0.22082053495615428     
  0.76966006972067691      -0.25657101162447410     
  0.74049623456078195      -0.29163835159895002     
  0.70791154081434327      -0.32584693746438675     
  0.67201112690414144      -0.35900413910201839     
  0.63292090927472677      -0.39090217629414725     
  0.59078881795089511      -0.42132091323831616     
  0.54578566058610067      -0.45003157364794483     
  0.49810552883714049      -0.47680131748960197     
  0.44796567228663398      -0.50139856550506512     
  0.39560578238678856      -0.52359889899845402     
  0.34128665189188889      -0.54319130494899637     
  0.28528820324117371      -0.55998448650715194     
  0.22790691094001012      -0.57381292301163600     
  0.16945267613305579      -0.58454234806954319     
  0.11024524376000117      -0.59207432373054625     
   5.0610281197083606E-002 -0.59634962562917559     
  -9.1247405248098268E-003 -0.59735021721893433     
  -6.8634708171270264E-002 -0.59509967646460438     
 -0.12760091197768464      -0.58966203806414375     
 -0.18571482385069196      -0.58113911873007329     
 -0.24268147302657556      -0.56966649175883599     
 -0.29822230905498964      -0.55540836028414087     
 -0.35207747291765917      -0.53855163862669542     
 -0.40400743127205074      -0.51929958354391570     
 -0.45379396337511196      -0.49786532103061198     
 -0.50124052258068130      -0.47446559205569366     
 -0.54617202231093309      -0.44931499730251778     
 -0.58843411863848039      -0.42262096327547316     
 -0.62789207735834540      -0.39457958719864999     
 -0.66442932262110987      -0.36537245262764428     
 -0.69794576732860836      -0.33516444707498516     
 -0.72835602343446848      -0.30410256105860156     
 -0.75558758413166527      -0.27231560697196783     
 -0.77957906079722217      -0.23991476665556874     
 -0.80027854658754116      -0.20699485790319022     
 -0.81764216667642076      -0.17363620088879594     
 -0.83163286304543793      -0.13990696369017230     
 -0.84221945000406762      -0.10586586958629739     
 -0.84937596556053951       -7.1565155564718902E-002
 -0.85308133352886018       -3.7053679683206664E-002
 -0.85331934184048486       -2.3800831162466840E-003
 -0.85007893382013233        3.2404080203525434E-002
 -0.84335480100465976        6.7241328154725583E-002
 -0.83314825822220795       0.10206542782451830     
 -0.81946837390372751       0.13679884318480492     
 -0.80233332081098907       0.17135053092738450     
 -0.78177190445096156       0.20561416360027490     
 -0.75782521842968575       0.23946686021275759     
 -0.73054836803655498       0.27276850393130775     
 -0.70001219575199969       0.30536172284555263     
 -0.66630493560846094       0.33707260143538770     
 -0.62953371802928182       0.36771217579179111     
 -0.58982584366872404       0.39707874360557777     
 -0.54732974469223483       0.42496098976489233     
 -0.50221555566762410       0.45114189024610751     
 -0.45467522446040909       0.47540331207215025     
 -0.40492210666898842       0.49753117791420670     
 -0.35319000525434852       0.51732101414639919     
 -0.29973163969382316       0.53458365560525367     
 -0.24481655525802470       0.54915084435798467     
 -0.18872851137664118       0.56088043881383531     
 -0.13176241657220400       0.56966094804437173     
  -7.4220903866761320E-002  0.57541512705442677     
  -1.6410662623584940E-002  0.57810241243176375     
   4.1361341576850230E-002  0.57772004200435167     
   9.8791619760712684E-002  0.57430278183862460     
  0.15558374695263172       0.56792127191919040     
  0.21145165592318921       0.55867908970557478     
  0.26612252691741167       0.54670870994222476     
  0.31933918713960718       0.53216660222195500     
  0.37086196210214062       0.51522774962533413     
  0.42046995107969476       0.49607988977554140     
  0.46796172850179407       0.47491777422099279     
  0.51315550010938715       0.45193771607593081     
  0.55588876551411870       0.42733265404731519     
  0.59601755642153187       0.40128790907413192     
  0.63341533178568610       0.37397775364154257     
  0.66797161764976498       0.34556285864078867     
  0.69959048090557463       0.31618863255809648     
  0.72818892346348441       0.28598442557909753     
  0.75369527729542829       0.25506353831943868     
  0.77604767245244499       0.22352395157016713     
  0.79519264035018922       0.19144967897744192     
  0.81108390411294751       0.15891263762758281     
  0.82368139715348088       0.12597493040533342     
  0.83295054084975695        9.2691436962760221E-002
  0.83886180239917663        5.9112615494197190E-002
  0.84139054477818997        2.5287423790132962E-002
  0.84051717218441879       -8.7337259377120099E-003
  0.83622756627890749       -4.2896059055113588E-002
  0.82851380081661463       -7.7137654622928792E-002
  0.81737511467600477      -0.11138686140609878     
  0.80281911571285014      -0.14555998963154598     
  0.78486318015782830      -0.17955935555021815     
  0.76353600442129377      -0.21327175736534507     
  0.73887925823948575      -0.24656746181807979     
  0.71094928030443805      -0.27929977935047706     
  0.67981875022294358      -0.31130530081494484     
  0.64557826435742538      -0.34240485865518211     
  0.60833773846041861      -0.37240525897006782     
  0.56822755777333689      -0.40110180687081703     
  0.52539939620859843      -0.42828161564738426     
  0.48002663111473337      -0.45372765093865053     
  0.43230428952399413      -0.47722341590739209     
  0.38244847601236087      -0.49855813511633235     
  0.33069525128156008      -0.51753224730800762     
  0.27729895373779534      -0.53396297543764704     
  0.22252998260305396      -0.54768971134741373     
  0.16667208886336721      -0.55857893739686759     
  0.11001924765141041      -0.56652841211956784     
   5.2872210284173979E-002 -0.57147037367236431     
  -4.4651460333451215E-003 -0.57337356317519095     
  -6.1689539735440578E-002 -0.57224393702095455     
 -0.11850194147372645      -0.56812401738285867     
 -0.17461103308351311      -0.56109091609786677     
 -0.22973634814342284      -0.55125315059909730     
 -0.28361099250415583      -0.53874644360733004     
 -0.33598386792944313      -0.52372875425287280     
 -0.38662135021023369      -0.50637482280790580     
 -0.43530840246942426      -0.48687052259190550     
 -0.48184913265870855      -0.46540730189284307     
 -0.52606682958140594      -0.44217696922697336     
 -0.56780353276237494      -0.41736703180969037     
 -0.60691920729514914      -0.39115674532774175     
 -0.64329060514651459      -0.36371397851365478     
 -0.67680989948983772      -0.33519294343323164     
 -0.70738317903776526      -0.30573279547927573     
 -0.73492888585602545      -0.27545706818260146     
 -0.75937627367509042      -0.24447387819064989     
 -0.78066395518654730      -0.21287681511456844     
 -0.79873859704318517      -0.18074641856637874     
 -0.81355381096480062      -0.14815213921615455     
 -0.82506927900879445      -0.11515468043993878     
 -0.83325014104860851       -8.1808620398140575E-002
 -0.83806666300801824       -4.8165219594097822E-002
 -0.83949419548347481       -1.4275324754566162E-002
 -0.83751342400182283        1.9807714816520341E-002
 -0.83211090418476019        5.4025198170626058E-002
 -0.82327986736227854        8.8310368224815972E-002
 -0.81102127452670858       0.12258592835569940     
 -0.79534508880555765       0.15676185721150970     
 -0.77627172877291639       0.19073360032641298     
 -0.75383365692340831       0.22438071849508129     
 -0.72807704962406972       0.25756607299338596     
 -0.69906348710144584       0.29013562522623848     
 -0.66687159492772285       0.32191892173723025     
 -0.63159856260414748       0.35273032323575354     
 -0.59336146089377384       0.38237101710373694     
 -0.55229827830380429       0.41063182589969505     
 -0.50856859934836507       0.43729678955439211     
 -0.46235385364009562       0.46214745708269472     
 -0.41385707596967192       0.48496777670423713     
 -0.36330213352222424       0.50554942447447682     
 -0.31093239700372310       0.52369736518501109     
 -0.25700885695653070       0.53923540047192420     
 -0.20180771365137687       0.55201143305153832     
 -0.14561749689871870       0.56190216752658173     
  -8.8735798831938134E-002  0.56881698066780551     
  -3.1465725952839835E-002  0.57270072879098299     
   2.5887805603030840E-002  0.57353531555870674     
   8.3021797232851829E-002  0.57133991629820979     
  0.13963878107846800       0.56616983845616164     
  0.19545018950376442       0.55811408425296405     
  0.25017936576374483       0.54729176259980428     
  0.30356412228693230       0.53384756523187460     
  0.35535877937300936       0.51794657086077067     
  0.40533564612342404       0.49976866750414689     
  0.45328593475626067       0.47950288632836596     
  0.49902012698263420       0.45734192226373560     
  0.54236783511323550       0.43347708130601315     
  0.58317721981966675       0.40809384706431234     
  0.62131404036427296       0.38136820544606220     
  0.65666042153857673       0.35346381174303743     
  0.68911342486403859       0.32453003325461843     
  0.71858351048190694       0.29470085617868369     
  0.74499297145314891       0.26409460971241938     
  0.76827441483288517       0.23281443379736227     
  0.78836935476946390       0.20094939936578696     
  0.80522697279145239       0.16857618021988491     
  0.81880309001947271       0.13576117228020301     
  0.82905938573640969       0.10256295716936928     
  0.83596288686280484        6.9035011263951188E-002
  0.83948574355575167        3.5228566929468623E-002
  0.83960529739460898        1.1955383885728851E-003
  0.83630444035554741       -3.3008570390615340E-002
  0.82957225486798081       -6.7321854875666498E-002
  0.81940491752051470      -0.10167337347466096     
  0.80580684127985136      -0.13598076240663309     
  0.78879202328038878      -0.17014817999462575     
  0.76838555728387703      -0.20406465996511708     
  0.74462526184753486      -0.23760295436342205     
  0.71756336725250203      -0.27061894595032793     
  0.68726819665495364      -0.30295170597548393     
  0.65382577020511490      -0.33442426449838786     
  0.61734125565456432      -0.36484514550550529     
  0.57794018597377450      -0.39401069680789857     
  0.53576936452341961      -0.42170821450354862     
  0.49099738213604893      -0.44771982387370685     
  0.44381467871338015      -0.47182703422668787     
  0.39443309502516755      -0.49381583688212605     
  0.34308487833657397      -0.51348216688593540     
  0.29002112785177381      -0.53063750484800187     
  0.23550969177560860      -0.54511436076165221     
  0.17983255557712627      -0.55677136198482324     
  0.12328278887051855      -0.56549766706607718     
   6.6161144025775082E-002 -0.57121644844743458     
   8.7724209650616933E-003 -0.57388723060713387     
  -4.8578272392140576E-002 -0.57350693357202265     
 -0.10558922738877669      -0.57010954996636110     
 -0.16196567436999287      -0.56376446981216188     
 -0.21742302966196558      -0.55457355291972710     
 -0.27168974222627973      -0.54266712564314135     
 -0.32450965621623828      -0.52819913989958556     
 -0.37564383347942687      -0.51134177263188585     
 -0.42487180957587167      -0.49227976096444770     
 -0.47199228583296721      -0.47120476257095528     
 -0.51682328634149033      -0.44831000508523078     
 -0.55920183107819699      -0.42378544736706691     
 -0.59898319354283069      -0.39781362464633735     
 -0.63603982301090844      -0.37056629468077706     
 -0.67026001782611955      -0.34220194815211125     
 -0.70154643758580526      -0.31286419759685680     
 -0.72981453937807039      -0.28268101792265182     
 -0.75499101731633089      -0.25176477938260544     
 -0.77701231641550661      -0.22021299099175665     
 -0.79582328222426801      -0.18810965808761448     
 -0.81137599730054055      -0.15552715076272544     
 -0.82362884516044887      -0.12252847859908361     
 -0.83254583213882871       -8.9169869783797900E-002
 -0.83809618790286056       -5.5503557640318252E-002
 -0.84025425624663097       -2.1580683437704345E-002
 -0.83899967923624930        1.2545770103817022E-002
 -0.83431786966327726        4.6818095729720385E-002
 -0.82620075894140699        8.1171107218702548E-002
 -0.81464779987651881       0.11552959064888127     
 -0.79966719600238023       0.14980603874138582     
 -0.78127732130495953       0.18389874697420666     
 -0.75950828614327592       0.21769035161683620     
 -0.73440359711193659       0.25104689031339317     
 -0.70602185071374324       0.28381746398193303     
 -0.67443839340403222       0.31583457309711016     
 -0.63974687436771172       0.34691519036320495     
 -0.60206061296650648       0.37686261401205290     
 -0.56151370091457398       0.40546912051932477     
 -0.51826176070211760       0.43251940212456313     
 -0.47248228732359104       0.45779473378526542     
 -0.42437451053948955       0.48107776784101508     
 -0.37415872997100807       0.50215780568481483     
 -0.32207509514472499       0.52083634826283065     
 -0.26838182652087239       0.53693268623852619     
 -0.21335290037210453       0.55028926148767865     
 -0.15727524845375773       0.56077651918346794     
 -0.10044555066976335       0.56829697783994382     
  -4.3166723159622077E-002  0.57278827510141272     
   1.4255776747421796E-002  0.57422499907043867     
   7.1517695259307568E-002  0.57261918511885768     
  0.12831963931145751       0.56801944052149933     
  0.18437051393363554       0.56050874622178037     
  0.23939062075185702       0.55020106818221470     
  0.29311431896651008       0.53723698214653026     
  0.34529217585256855       0.52177856886058482     
  0.39569256263888808       0.50400386786319551     
  0.44410268120197938       0.48410118563091309     
  0.49032903516184351       0.46226353959864125     
  0.53419738386607141       0.43868348704227894     
  0.57555223807729561       0.41354854211224151     
  0.61425597119284092       0.38703733115545286     
  0.65018762932950502       0.35931658136664135     
  0.68324152787546166       0.33053898545956589     
  0.71332572176956688       0.30084193894105182     
  0.74036043265621643       0.27034710886649566     
  0.76427650911066314       0.23916076454446672     
  0.78501398724688209       0.20737478136218984     
  0.80252080902232581       0.17506821775443754     
  0.81675174510923831       0.14230936086912474     
  0.82766755880878295       0.10915813699544587     
  0.83523443746889448        7.5668786601114896E-002
  0.83942370839923708        4.1892709303425833E-002
  0.84021184739426680        7.8813899502967466E-003
  0.83758077961367150       -2.6310677805952878E-002
  0.83151846459548617       -6.0623150181852895E-002
  0.82201974942385714       -9.4987151716290283E-002
  0.80908746637354712      -0.12932283050309998     
  0.79273374357289816      -0.16353722800648968     
  0.77298148929772681      -0.19752254275171405     
  0.74986600245801138      -0.23115486839715421     
  0.72343665381726996      -0.26429348640741468     
  0.69375857478407210      -0.29678079033197818     
  0.66091428368185490      -0.32844291102217205     
  0.62500517383048126      -0.35909109851373594     
  0.58615278427651096      -0.38852389553970301     
  0.54449977337708988      -0.41653010899421078     
  0.50021051845881792      -0.44289254918271914     
  0.45347127211681793      -0.46739246341999990     
  0.40448981784575583      -0.48981454271062086     
  0.35349458471329054      -0.50995233132465312     
  0.30073320235485407      -0.52761382358436448     
  0.24647050282453337      -0.54262699530320713     
  0.19098600339123345      -0.55484499433299905     
  0.13457093237673462      -0.56415071014498830     
   7.7524886442060098E-002 -0.57046045934674527     
   2.0152230106816632E-002 -0.57372656335243466     
  -3.7241635319705646E-002 -0.57393865426522273     
  -9.4353997411084481E-002 -0.57112362091378832     
 -0.15088841663040836      -0.56534419219323873     
 -0.20655804075993037      -0.55669624129522000     
 -0.26108853813128685      -0.54530497371356479     
 -0.31422056079554672      -0.53132022664259859     
 -0.36571167599968163      -0.51491115204134918     
 -0.41533773373027666      -0.49626057730595030     
 -0.46289366733566223      -0.47555933605385570     
 -0.50819375127510358      -0.45300083939441305     
 -0.55107136323347083      -0.42877611958367279     
 -0.59137831609243996      -0.40306952858969097     
 -0.62898383804668678      -0.37605521954246846     
 -0.66377328650186684      -0.34789448455180050     
 -0.69564668372086780      -0.31873397219000910     
 -0.72451716022277435      -0.28870476501906545     
 -0.75030938657546675      -0.25792226352692366     
 -0.77295806639120945      -0.22648679815742651     
 -0.79240655391537551      -0.19448487524166022     
 -0.80860564935173984      -0.16199095436364286     
 -0.82151261459483826      -0.12906965243098389     
 -0.83109044176931368       -9.5778271744754589E-002
 -0.83730739716935454       -6.2169554000408071E-002
 -0.84013685396153670       -2.8294567921821823E-002
 -0.83955741835423858        5.7943560729811772E-003
 -0.83555334575030460        4.0040726039340085E-002
 -0.82811523553608091        7.4381102142236394E-002
 -0.81724098544813495       0.10874250087945916     
 -0.80293697874107117       0.14304006707063721     
 -0.78521946954441468       0.17717509196656439     
 -0.76411612381008431       0.21103345734330395     
 -0.73966766518815685       0.24448458621927469     
 -0.71192956723267142       0.27738097955485458     
 -0.68097372588466765       0.30955841348003776     
 -0.64689003971288506       0.34083686171782562     
 -0.60978782056018122       0.37102219152703869     
 -0.56979695479785131       0.39990865762329897     
 -0.52706873612774940       0.42728218670101886     
 -0.48177629554865914       0.45292440579090243     
 -0.43411456332284026       0.47661732225818904     
 -0.38429971187216450       0.49814851450675768     
 -0.33256804744048468       0.51731664431679825     
 -0.27917434153455756       0.53393705905927114     
 -0.22438961952383310       0.54784722010724463     
 -0.16849845175523653       0.55891167768596550     
 -0.11179582013275506       0.56702631622481470     
  -5.4583658109679127E-002  0.57212162023075930     
   2.8328177502463039E-003  0.57416475859925431     
   6.0148852971262080E-002  0.57316035221015771     
  0.11706383998813816       0.56914987016876084     
  0.17328480866364315       0.56220968675504979     
  0.22852960023291005       0.55244791569266904     
  0.28252962149452526       0.54000021261615228     
  0.33503210087778795       0.52502479383262701     
  0.38580179638994327       0.50769695512155288     
  0.43462213504999431       0.48820338660051049     
  0.48129579200547717       0.46673656955482873     
  0.52564474319146770       0.44348951185990471     
  0.56750984670216875       0.41865103510701007     
  0.60675002414527623       0.39240177443107466     
  0.64324112383876819       0.36491099693491996     
  0.67687455297876209       0.33633429139993953     
  0.70755576642070872       0.30681213441946603     
  0.73520269628216472       0.27646929861456032     
  0.75974420011439436       0.24541503832229589     
  0.78111859682415319       0.21374396709758803     
  0.79927234969482130       0.18153752870668113     
  0.81415894545721834       0.14886595762397084     
  0.82573800792753960       0.11579062470321239     
  0.83397467462301889        8.2366666954792611E-002
  0.83883925518441660        4.8645805613977154E-002
  0.84030718143961958        1.4679262552029441E-002
  0.83835925048771598       -1.9479309519036023E-002
  0.83298215414589150       -5.3770963418244631E-002
  0.82416928031939152       -8.8128738264999423E-002
  0.81192176415776363      -0.12247516161627853     
  0.79624975910547124      -0.15672005052292390     
  0.77717389005782922      -0.19075869047642049     
  0.75472684280015678      -0.22447047257672414     
  0.72895503586277566      -0.25771806937381114     
  0.69992031313013670      -0.29034722732638957     
  0.66770158841391880      -0.32218724716217906     
  0.63239636730253035      -0.35305221111388507     
  0.59412206762741326      -0.38274299675117029     
  0.55301705861874428      -0.41105009008668952     
  0.50924134105170449      -0.43775717567039835     
  0.46297679711832096      -0.46264543933383556     
  0.41442694990867535      -0.48549847209645636     
  0.36381618843687891      -0.50610761471796450     
  0.31138843485640649      -0.52427753580472403     
  0.25740525512059098      -0.53983179735815490     
  0.20214344157077688      -0.55261813549814109     
  0.14589212401319335      -0.56251317557583513     
   8.8949492670856639E-002 -0.56942631342336703     
   3.1619239731474728E-002 -0.57330252939381909     
  -2.5793156054002266E-002 -0.57412395785476988     
  -8.2984166848291754E-002 -0.57191010794289487     
 -0.13965583838225276      -0.56671671533961010     
 -0.19551916755056920      -0.55863329168316445     
 -0.25029711950949868      -0.54777951958929461     
 -0.30372719044953223      -0.53430070940033536     
 -0.35556344872614493      -0.51836258276612690     
 -0.40557801617795264      -0.50014567451807734     
 -0.45356198091379729      -0.47983964735844620     
 -0.49932576047374810      -0.45763779559950801     
 -0.54269895833076831      -0.43373197857020240     
 -0.58352977599679545      -0.40830817666027086     
 -0.62168405689869832      -0.38154280901902898     
 -0.65704404660398452      -0.35359989705286232     
 -0.68950695725847033      -0.32462910654485777     
 -0.71898342292668083      -0.29476465668210472     
 -0.74539592776822017      -0.26412504841539342     
 -0.76867728157297155      -0.23281353804751379     
 -0.78876920801195216      -0.20091926438980601     
 -0.80562110082700966      -0.16851892815057462     
 -0.81918899271608714      -0.13567891889077463     
 -0.82943477133465537      -0.10245778618568230     
 -0.83632566692173671       -6.8908955870812943E-002
 -0.83983402671160379       -3.5083597898670264E-002
 -0.83993738252401295       -1.0335581240912550E-003
 -0.83661880965578606        3.3185728682269176E-002
 -0.82986756728218880        6.7512423735972826E-002
 -0.81968000284806786       0.10187564434120951     
 -0.80606069522295454       0.13619307625113297     
 -0.78902380358803159       0.17036891634922893     
 -0.76859458106452883       0.20429222523502741     
 -0.74481100403286016       0.23783577031668621     
 -0.71772546010694238       0.27085543925917738     
 -0.68740643014171721       0.30319029965225125     
 -0.65394009294015332       0.33466337201563934     
 -0.61743177610951494       0.36508316830638365     
 -0.57800717353043352       0.39424602579081480     
 -0.53581324994051038       0.42193923589923182     
 -0.49101875696853914       0.44794492971971211     
 -0.44381429322977450       0.47204463738764618     
 -0.39441185420249392       0.49402439027280592     
 -0.34304383557795065       0.51368018624543266     
 -0.28996147616687851       0.53082359411072122     
 -0.23543275228659122       0.54528723880287278     
 -0.17973976335499064       0.55692988931600584     
 -0.12317567626041462       0.56564087094576021     
  -6.6041321772558448E-002  0.57134354487856165     
  -8.6415575904851896E-003  0.57399764182073254     
   4.8718472394113629E-002  0.57360029984598815     
  0.10573704589187935       0.57018573497765723     
  0.16211940180578810       0.56382355913908744     
  0.21758098638151838       0.55461584575730272     
  0.27185029840405384       0.54269312022535476     
  0.32467124975370548       0.52820951349651646     
  0.37580498548125874       0.51133735727553242     
  0.42503113710472118       0.49226151623462444     
  0.47214851178832429       0.47117374683603075     
  0.51697524644320825       0.44826734654883965     
  0.55934847805708710       0.42373231613878881     
  0.59912359874266696       0.39775120685579884     
  0.63617317568440512       0.37049576941738127     
  0.67038562246062550       0.34212446776220373     
  0.70166370962346325       0.31278087162837731     
  0.72992299970251806       0.28259290079054805     
  0.75509028586721072       0.25167286164692654     
  0.77710210526713386       0.22011819399923171     
  0.79590338842981678       0.18801283162682930     
  0.81144629576176386       0.15542907331947103     
  0.82368928173842493       0.12242985976661047     
  0.83259641717603172        8.9071354376067571E-002
  0.83813699028285849        5.5405731068267836E-002
  0.84028539807614988        2.1484077932914170E-002
  0.83902133119595124       -1.2640668801986714E-002
  0.83433024703870384       -4.6910841572473883E-002
  0.82620411831420226       -8.1261287245016162E-002
  0.81464243642816880      -0.11561681886033498     
  0.79965344135815819      -0.14988995070010658     
  0.78125554182446255      -0.18397899533695639     
  0.75947888154593013      -0.21776660278532448     
  0.73436699931136629      -0.25111882234563887     
  0.70597852272438144      -0.28388476586984801     
  0.67438882817743440      -0.31589694546947056     
  0.63969159341550597      -0.34697234761928430     
  0.60200016463262807      -0.37691428782877900     
  0.56144865817217249      -0.40551506460455594     
  0.51819271837085090      -0.43255939801321613     
  0.47240985863108154      -0.45782859739769355     
  0.42429932298607287      -0.48110535645008662     
  0.37408142049838156      -0.50217902487691302     
  0.32199630465473389      -0.52085115843647645     
  0.26830219383771059      -0.53694110817023266     
  0.21327305578630482      -0.55029138051405779     
  0.15719580702582764      -0.56077248760477172     
  0.10036710550158459      -0.56828701524243042     
   4.3089838859683531E-002 -0.57277266641901059     
  -1.4330570175379843E-002 -0.57420409035063369     
  -7.1589907886445273E-002 -0.57259337711065428     
 -0.12838882592144502      -0.56798918034999735     
 -0.18443627767543785      -0.56047451753992839     
 -0.23945261570378776      -0.55016338028349909     
 -0.29317225156125071      -0.53719635857462966     
 -0.34534580516727892      -0.52173553606028211     
 -0.39574169960560002      -0.50395894438321109     
 -0.44414718683764254      -0.48405487232042510     
 -0.49036881795213161      -0.46221631114489037     
 -0.53423239646094756      -0.43863578508815920     
 -0.57558247346908442      -0.41350077008136871     
 -0.61428145854984773      -0.38698985080763271     
 -0.65020842965147585      -0.35926971101628152     
 -0.68325772962327425      -0.33049299971798396     
 -0.71333743660254290      -0.30079706979268656     
 -0.74036779138837183      -0.27030354785828886     
 -0.76427965797386954      -0.23911866585497749     
 -0.78501308452577923      -0.20733426551909662     
 -0.80251602210400630      -0.17502937578227043     
 -0.81674324797097286      -0.14227225866966547     
 -0.82765552994976488      -0.10912281978791961     
 -0.83521905827729803       -7.5635283275331630E-002
 -0.83940516193373160       -4.1861036564335916E-002
 -0.84019031754929097       -7.8515561555937141E-003
 -0.83755645062996020        2.6338669193307775E-002
 -0.83149152087123435        6.0649297587258497E-002
 -0.82199037557720200        9.5011452940323926E-002
 -0.80905584750349879       0.12934528073703197     
 -0.79270006566327766       0.16355781840221140     
 -0.77294593970699499       0.19754125956282648     
 -0.74982877043711227       0.23117169269882698     
 -0.72339793099787919       0.26430839439233123     
 -0.69371855558114137       0.29679375416737824     
 -0.66087316555733544       0.32845390023805959     
 -0.62496315736988917       0.35910008187446257     
 -0.58611007303683238       0.38853084333056787     
 -0.54445657347361087       0.41653499563221563     
 -0.50016703786985295       0.44289535603757885     
 -0.45342771969885681       0.46739318170996147     
 -0.40444640206684979       0.48981317632007032     
 -0.35345151212888543       0.50994889937964338     
 -0.30069067586681464       0.52760836262070765     
 -0.24642871977963984       0.54261956087174790     
 -0.19094515358871600       0.55483566190923828     
 -0.13453119606420275       0.56413957524513259     
  -7.7486432384431592E-002  0.57044763679771149     
  -2.0115213812829130E-002  0.57371218571602456     
   3.7277073134373770E-002  0.57392286947202897     
   9.4387732055889614E-002  0.57110658921515844     
  0.15092034031435031       0.56532608258460693     
  0.20658806307404035       0.55667722759690030     
  0.26111658612531097       0.54528523051270594     
  0.31424657865543787       0.53129992530126902     
  0.36573562435158136       0.51489045696143454     
  0.41535958861299749       0.49623964261416154     
  0.46291341889633397       0.47553830283336490     
  0.50821140225110883       0.45297983354774829     
  0.55108692728798903       0.42875525036880185     
  0.59139181607113200       0.40304888783142945     
  0.62899530421986094       0.37603488148728892     
  0.66378275485061378       0.34787450630752847     
  0.69565419431795861       0.31871439467344803     
  0.72452275575036440       0.28868561432405804     
  0.75031311101254561       0.25790355262181258     
  0.77295996389484289       0.22646852882297330     
  0.79240666791151226       0.19446704016669397     
  0.80860402184396396       0.16197353932451672     
  0.82150928569305881       0.12905263849094836     
  0.83108544943500662        9.5761637419477824E-002
  0.83730077716952811        6.2153277345214378E-002
  0.84012864001994680        2.8278628504187373E-002
  0.83954764248535807       -5.8099753458875011E-003
  0.83554203875897060       -4.0056037263874286E-002
  0.82810242766342845       -7.4396110955421341E-002
  0.81722670714221657      -0.10875720521211893     
  0.80292126152835042      -0.14305445613866183     
  0.78520234697603242      -0.17718914552318005     
  0.76409763245442841      -0.21104714521604040     
  0.73964784563887631      -0.24449786815552116     
  0.71190846509900108      -0.27739380539875269     
  0.68095139272897809      -0.30957072370022976     
  0.64686653389901971      -0.34084858829958353     
  0.60976320797571748      -0.37103325923302255     
  0.56977130941428100      -0.39991898561436473     
  0.52704214036505859      -0.42729169049222382     
  0.48174884041518545      -0.45293299949873150     
  0.43408634830776960      -0.47662492107415860     
  0.38427084457660826      -0.49815503731161354     
  0.33253864294354635      -0.51732201633061903     
  0.27914452150271774      -0.53394121440828579     
  0.22435951108467689      -0.54785010418040847     
  0.16846818616914958      -0.55891324915527307     
  0.11176553130773551      -0.56702654861414059     
   5.4553481013846473E-002 -0.57212050293889027     
  -2.8627487174124541E-003 -0.57416229731258928     
  -6.0178405585118125E-002 -0.57315656867705667     
 -0.11709288571986383      -0.56914480134745704     
 -0.17331322405852351      -0.56220338338659670     
 -0.22855726809709959      -0.55244044038576079     
 -0.28255643185295171      -0.53999163755852098     
 -0.33505795167912661      -0.52501519826174892     
 -0.38582659394857766      -0.50768642269451036     
 -0.43464579422850397      -0.48819200279926311     
 -0.48131823615352570      -0.46672441925021713     
 -0.52566590386729106      -0.44347667713765393     
 -0.56752966321073783      -0.41863759343446827     
 -0.60676844293244980      -0.39238779721711975     
 -0.64325809778343013      -0.36489654850980363     
 -0.67689004062530145      -0.33631942841871276     
 -0.70756973119263222      -0.30679690567330797     
 -0.73521510571457627      -0.27645374521944066     
 -0.75975502513897752      -0.24539919424401285     
 -0.78112781113557495      -0.21372785996597465     
 -0.79927992922247482      -0.18152118086899821     
 -0.81416486796121446      -0.14884938738739617     
 -0.82574225273301749      -0.11577384771803065     
 -0.83397722250227513       -8.2349697692575968E-002
 -0.83884008839207724       -4.8628658898021176E-002
 -0.84030628390207707       -1.4661955099998215E-002
 -0.83835660814424751        1.9496757578295609E-002
 -0.83297775543517860        5.3788527090688550E-002
 -0.82416311680147181        8.8146386337068394E-002
 -0.81191383125766980       0.12249285543801992     
 -0.79624005696089062       0.15673774296779161     
 -0.77716242444901706       0.19077632511873507     
 -0.75471362613609927       0.22448798312917811     
 -0.72894008819332123       0.25773537942778080     
 -0.69990366314968699       0.29036425043634245     
 -0.66768327441855480       0.32220388731132171     
 -0.63237643805949861       0.35306836359056232     
 -0.59410058311411940       0.38275854945379167     
 -0.55299409058824311       0.41106492525876326     
 -0.50921697338356975       0.43777117204673405     
 -0.46295112591808857       0.46265847465481186     
 -0.41440008332600919       0.48551042592079346     
 -0.36378824618223682       0.50611837143772354     
 -0.31135954740805327       0.52428698774183558     
 -0.25737556262779571       0.53983984780257588     
 -0.20211309247413739       0.55262470153658305     
 -0.14586127341820598       0.56251819055931418     
  -8.8918300524900823E-002  0.56942972893305155     
  -3.1587868866099149E-002  0.57330431658801673     
   2.5824541945311981E-002  0.57412410811411130     
   8.3015405222627819E-002  0.57190863277315829     
  0.13968676977646022       0.56671364553832404     
  0.19554963735872669       0.55862867582266462     
  0.25032697954980399       0.54777342191077327     
  0.30375630027447986       0.53429320724675888     
  0.35559167664487645       0.51835376370396558     
  0.40560523997560743       0.50013563330730992     
  0.45358808826835650       0.47982848292749036     
  0.49935064908516902       0.45762560816812542     
  0.54272253578932184       0.43371886704152818     
  0.58355195942691340       0.40829423637591578     
  0.62170477242108890       0.38152812994175545     
  0.65706322866232569       0.35358456241236830     
  0.68952454785791273       0.32461319195587068     
  0.71899937083008636       0.29474822972173653     
  0.74541018769301515       0.26410816862928788     
  0.76868981342719955       0.23279625734184375     
  0.78877997620302909       0.20090162775829493     
  0.80563007367120121       0.16850097468172148     
  0.81919614197115032       0.13566068299949158     
  0.82944007187261781       0.10243929901467534     
  0.83632909655355570        6.8890246809378761E-002
  0.83983556617049238        3.5064696169367138E-002
  0.83993701560952916        1.0144943903676318E-003
  0.83661652353629012       -3.3204920732390175E-002
  0.82986335294890101       -6.7531705873891623E-002
  0.81967385570960727      -0.10189497239293777     
  0.80605261582483345      -0.13621239884773856     
  0.78901379843706598      -0.17038817387767452     
  0.76858266353350468      -0.20431134903561288     
  0.74479719531612876      -0.23785468217375882     
  0.71770979019304737      -0.27087405123081415     
  0.68738893876490703      -0.30320851428140311     
  0.65392083046901983      -0.33468108295887178     
  0.61741080432840989      -0.36510026140609897     
  0.57798456626819483      -0.39426238060215091     
  0.53578909350184001      -0.42195472766354819     
  0.49099315032653201      -0.44795943175307984     
  0.44378734794392521      -0.47205802382606776     
  0.39438369403514906      -0.49403653908776124     
  0.34301459579353455      -0.51369098241614530     
  0.28993130251191751      -0.53083293281617039     
  0.23540179966391028      -0.54529502848007227     
  0.17970819422148343      -0.55693605442426852     
  0.12314365879331626      -0.56564535428167173     
   6.6009027862898431E-002 -0.57134630930417829     
   8.6091607331387210E-003 -0.57399867129759707     
  -4.8750799237652347E-002 -0.57359959970791063     
 -0.10576913237988943      -0.57018333142237076     
 -0.16215108217673704      -0.56381949796847619     
 -0.21761210122104438      -0.55461019044307325     
 -0.27188069616277527      -0.54268594941730908     
 -0.32470078797481400      -0.52820091812038727     
 -0.37583353171325951      -0.51132743738445507     
 -0.42505856949147314      -0.49225037778213632     
 -0.47217471934446331      -0.47116149852990152     
 -0.51700012903708281      -0.44825409692619528     
 -0.55937194613476537      -0.42371817097682557     
 -0.59914557283497993      -0.39773626700214593     
 -0.63619358574427698      -0.37048012909297046     
 -0.67040440708027393      -0.34210821335996944     
 -0.70168081518079239      -0.31276408100518494     
 -0.72993837948365392      -0.28257564302861576     
 -0.75510389920816712      -0.25165519724513252     
 -0.77711391675256303      -0.22010017544395916     
 -0.79591336718114569      -0.18799450428582645     
 -0.81145441484112124      -0.15541047659975571     
 -0.82369551768889748      -0.12241102847776238     
 -0.83260074971313414       -8.9052320242367006E-002
 -0.83813940214675098       -5.5386524336167989E-002
 -0.84028587504910546       -2.1464729023545091E-002
 -0.83901986228482905        1.2660127642763808E-002
 -0.83432682481764109        4.6930374671880173E-002
 -0.82619873941830713        8.1280853993339952E-002
 -0.81463510218458746       0.11563637233719726     
 -0.79964415853642135       0.14990943648166147     
 -0.78124432348346573       0.18399835052955599     
 -0.75946574795028121       0.21778575533184474     
 -0.73435197888524162       0.25113769065039593     
 -0.70596165300663871       0.28390325878602890     
 -0.67437015673780198       0.31591496268836783     
 -0.63967117868854839       0.34698978049253631     
 -0.60197807662428915       0.37693102064259232     
 -0.56142497899347599       0.40553097630813217     
 -0.51816754255523567       0.43257436438240332     
 -0.47238329319624905       0.45784249358986606     
 -0.42427148720837021       0.48111805987878831     
 -0.37405244537768151       0.50219041830688682     
 -0.32196633206028108       0.52086113317400429     
 -0.26827137533996226       0.53694956720318809     
 -0.21324155119558677       0.55029824144375483     
 -0.15716378267457545       0.56077768521011317     
 -0.10033473232180787       0.56829050352767574     
  -4.3057290319803591E-002  0.57277442002004275     
   1.4363120201169567E-002  0.57420410520973153     
   7.1622287238546273E-002  0.57259167037376713     
  0.12842086618749085       0.56798578948944578     
  0.18446781606295312       0.56046949875462260     
  0.23948349669029667       0.55015680627343555     
  0.29320232827253756       0.53718831582240900     
  0.34537494045020506       0.52172612177667499     
  0.39576976677869280       0.50394826328487707     
  0.44417407011927640       0.48404303340583599     
  0.49039441258136118       0.46220342462084796     
  0.53425660853901957       0.43862195957658429     
  0.57560521955976307       0.41348611020743498     
  0.61430266508367071       0.38697445523907675     
  0.65022803218295000       0.35925367099279321     
  0.68327567199108130       0.33047639808131357     
  0.71335367004149364       0.30077998050412369     
  0.74038227363862530       0.27028603597131617     
  0.76429235242836258       0.23910078789737263     
  0.78502395945138170       0.20731607023019089     
  0.80252504996605767       0.17501090514675949     
  0.81675040488489592       0.14225354918838248     
  0.82766079527763003       0.10910390392734112     
  0.83522241438166445        7.5616191040343700E-002
  0.83940659409587581        4.1841797142113495E-002
  0.84018981405404292        7.8321995816712231E-003
  0.83755400301473693       -2.6358110393059492E-002
  0.83148712433240923       -6.0668786823276859E-002
  0.82198402952257266       -9.5030948098366208E-002
  0.80904755623523228      -0.12936473287340367     
  0.79268983917125591      -0.16357717063976385     
  0.77293379454794331      -0.19756044623312563     
  0.74981473067031745      -0.23119063877625889     
  0.72338202914381378      -0.26432701526503721     
  0.69370083356511902      -0.29681195578694786     
  0.66085367559671992      -0.32847157968399110     
  0.62494196276074665      -0.35911712835973325     
  0.58608724879467877      -0.38854713966067883     
  0.54443220678352333      -0.41655042011155474     
  0.50014122830410446      -0.44290978479418885     
  0.45340057916573334      -0.46740649138371126     
  0.40441805446258888      -0.48982524703144442     
  0.35342209267567259      -0.50995961786916311     
  0.30066033013315485      -0.52761762542517765     
  0.24639760239454220      -0.54262727738612648     
  0.19091342667706190      -0.55484175717480300     
  0.13449902744626252      -0.56414399230799384     
   7.7453993596485582E-002 -0.57045033849776938     
   2.0082678016995523E-002 -0.57371315579490056     
  -3.7309533275757395E-002 -0.57392211292752915     
  -9.4419946463377757E-002 -0.57110413187620357     
 -0.15095214345637678      -0.56532196992999018     
 -0.20661929574527094      -0.55667152288894162     
 -0.26114709698109823      -0.54527801235827278     
 -0.31427622545949646      -0.53129128478398246     
 -0.36576427491027319      -0.51488049450776696     
 -0.41538712138644235      -0.49622846476169136     
 -0.46293972329268196      -0.47552601906239639     
 -0.50823637862466353      -0.45296655331981628     
 -0.55111048667367535      -0.42874108049011850     
 -0.59141387969660952      -0.40303393022934181     
 -0.62901580284225544      -0.37601923145645960     
 -0.66380162796751085      -0.34785825125255376     
 -0.69567138930231553      -0.31869761334804697     
 -0.72453822695682457      -0.28866837654509042     
 -0.75032681889880293      -0.25788591941978317     
 -0.77297187419673274      -0.22645055297929800     
 -0.79241675090486441      -0.19444876708131625     
 -0.80861225172033002      -0.16195500815465622     
 -0.82151564007051758      -0.12903388350187531     
 -0.83108990901954338       -9.5742689490257993E-002
 -0.83730332557708920       -6.2134165575457714E-002
 -0.84012926376420827       -2.8259381871190557E-002
 -0.83954633113149002        5.8293263271823673E-003
 -0.83553878523915159        4.0075458923384044E-002
 -0.82809722874547043        7.4415564936811618E-002
 -0.81721956403830909       0.10877664707161294     
 -0.80291218062653891       0.14307383411770158     
 -0.78519134067256713       0.17720839953971762     
 -0.76408472006056838       0.21106620611998769     
 -0.73963305433118121       0.24451665729387156     
 -0.71189183087775099       0.27741223453430192     
 -0.68093296134537140       0.30958869532379535     
 -0.64684636170853960       0.34086599636831832     
 -0.60974136267292933       0.37104999035610237     
 -0.56974787060377263       0.39993492069156678     
 -0.52701719992470597       0.42730670679066612     
 -0.48172250261182237       0.45294697312883597     
 -0.43405872963192843       0.47663772979893948     
 -0.38424207327237181       0.49816656359556621     
 -0.33250885822154153       0.51733215050830306     
 -0.27911387243843144       0.53394985783110072     
 -0.22432815521982588       0.54785717218605567     
 -0.16843628784976145       0.55891867370064419     
 -0.11173325980768839       0.56703028042073056     
  -5.4521008505598496E-002  0.57212251302089889     
   2.8952492734814900E-003  0.57416257779079982     
   6.0210762555875631E-002  0.57315513282394137     
  0.11712493084158029       0.56914168285704669     
  0.17334479433277128       0.56219863491190980     
  0.22858820747599512       0.55243413143223852     
  0.28258659266195946       0.53998385185964315     
  0.33508719574091572       0.52500603078956232     
  0.38585479338805240       0.50767597647136653     
  0.43467283195579554       0.48818038567743155     
  0.48134400603724214       0.46671174081446587     
  0.52569031062371741       0.44346304586475249     
  0.56755262204531243       0.41862311421595039     
  0.60678987897739123       0.39237256932078773     
  0.64327794537983074       0.36488066402439456     
  0.67690824249956505       0.33630297119734298     
  0.70758623757621797       0.30677995076652875     
  0.73522987345311419       0.27643635876896194     
  0.75976801683248274       0.24538143379368577     
  0.78113899434620326       0.21370977513720538     
  0.79928927578047715       0.18150281434273857     
  0.81417235339381022       0.14883077613333051     
  0.82574785583506727       0.11575502441257092     
  0.83398092506205079        8.2330692269835609E-002
  0.83884187508017138        4.8609500181205377E-002
  0.84030614232656398        1.4642672463926136E-002
  0.83835452907055852       -1.9516132560054834E-002
  0.83297373316469281       -5.3807959058657193E-002
  0.82415714969846110       -8.8165834662317200E-002
  0.81190592240987658      -0.12251227288584507     
  0.79623021495459145      -0.15675707455285104     
  0.77715066423491441      -0.19079550719677080     
  0.75469996995781519      -0.22450694277099181     
  0.72892456654575599      -0.25775403412059250     
  0.69988631573023474      -0.29038250815521233     
  0.66766415103042676      -0.32222164699807981     
  0.63235559942354058      -0.35308551606886229     
  0.59407810154395557      -0.38277497879584965     
  0.55297005048377856      -0.41108051060176987     
  0.50919147150027899      -0.43778578983499528     
  0.46292427137446013      -0.46267200125818830     
  0.41437199731921703      -0.48552274055243122     
