  0.51892853608355838       -4.6702395147404152E-002
  0.51019039344096928       -8.7381426425891043E-002
  0.49798926794848142      -0.12201125492487880     
  0.48292631913313305      -0.15062948815348362     
  0.46559300471390402      -0.17333314419229046     
  0.44656548342258529      -0.19027521291318750     
  0.42639933114947237      -0.20166152273112886     
  0.40562456794120777      -0.20774763208264618     
  0.38474101736682620      -0.20883550574381571     
  0.36421403769005356      -0.20526979676772644     
  0.34447067517462360      -0.19743362515429938     
  0.32589629364959116      -0.18574381525032427     
  0.30883173186986757      -0.17064561779723625     
  0.29357103246116584      -0.15260699408701703     
  0.28035977487833980      -0.13211257582826025     
  0.26939403143719798      -0.10965743441141831     
  0.26081995156739379       -8.5740798698042034E-002
  0.25473396615195293       -6.0859854154408519E-002
  0.25118359196756357       -3.5503741843893363E-002
  0.25016880623153626       -1.0147857360273162E-002
  0.25164395316718807        1.4751469356518311E-002
  0.25552013813653168        3.8761849693436219E-002
  0.26166805993085912        6.1479217943274184E-002
  0.26992122789626893        8.2531679654097967E-002
  0.28007950740373649       0.10158279507467563     
  0.29191293457992895       0.11833427176192435     
  0.30516573918016182       0.13252804600232881     
  0.31956051314370071       0.14394773963538904     
  0.33480246197202540       0.15241948828324703     
  0.35058367691371650       0.15781214941691102     
  0.36658736830848421       0.16003691394767722     
  0.38249200453364307       0.15904636225158869     
  0.39797530686184102       0.15483302328197962     
  0.41271805805410799       0.14742751192266992     
  0.42640769136661960       0.13689633312511593     
  0.43874163636542840       0.12333944998808802     
  0.44943040791805638       0.10688771552627981     
  0.45820043429375801        8.7700263757015992E-002
  0.46479662878170436        6.5961944879463386E-002
  0.46898471601435932        4.1880872326549509E-002
  0.47055332876240386        1.5686127480445341E-002
  0.46931589300436410       -1.2374357580397299E-002
  0.46511231840859540       -4.2035745957686874E-002
  0.45781050803411460       -7.3018103744808271E-002
  0.44730769529496117      -0.10502812739153455     
  0.43353160846634620      -0.13776086828614958     
  0.41644145384249087      -0.17090154623855339     
  0.39602869884402492      -0.20412754998465954     
  0.37231762680194297      -0.23711072042081935     
  0.34536562678694799      -0.26952000014994987     
  0.31526317571163665      -0.30102451075311359     
  0.28213346697381064      -0.33129708737825997     
  0.24613164097052317      -0.36001826003287474     
  0.20744357850380940      -0.38688062466713763     
  0.16628422869567108      -0.41159349808138307     
  0.12289545837833959      -0.43388770317331482     
   7.7543429379365036E-002 -0.45352028998974553     
   3.0515532524496465E-002 -0.47027896854868567     
  -1.7883069078593938E-002 -0.48398601603090402     
  -6.7333211784262104E-002 -0.49450142705668160     
 -0.11750572206598056      -0.50172510281718452     
 -0.16806551425739868      -0.50559792191418118     
 -0.21867567420541734      -0.50610159948018640     
 -0.26900140579468451      -0.50325731589267164     
 -0.31871372329521086      -0.49712317500526376     
 -0.36749278595090779      -0.48779062655696936     
 -0.41503079105529339      -0.47538005104385594     
 -0.46103436626423600      -0.46003575208942588     
 -0.50522642903214543      -0.44192062767909457     
 -0.54734750868336446      -0.42121079651219040     
 -0.58715655274236656      -0.39809044059002135     
 -0.62443126208210431      -0.37274709339737744     
 -0.65896801801470084      -0.34536755932596486     
 -0.69058147796589420      -0.31613459951193390     
 -0.71910392466355677      -0.28522446697662573     
 -0.74438445706901246      -0.25280532405455663     
 -0.76628811013250375      -0.21903653063491288     
 -0.78469498558933781      -0.18406875456834038     
 -0.79949946822631168      -0.14804482636973854     
 -0.81060959210464612      -0.11110123878334488     
 -0.81794660979219957       -7.3370176875534321E-002
 -0.82144480526069108       -3.4981954684915550E-002
 -0.82105157811654883        3.9322714414228369E-003
 -0.81672781348774226        4.3237646288065618E-002
 -0.80844853830115304        8.2792751865892147E-002
 -0.79620385090320489       0.12244687397948148     
 -0.78000009703093431       0.16203753872270527     
 -0.75986125110262859       0.20138845928305693     
 -0.73583044783737195       0.24030803265256606     
 -0.70797159565552847       0.27858852181843513     
 -0.67637099067702067       0.31600604978507801     
 -0.64113883915824388       0.35232151518776789     
 -0.60241058783806123       0.38728251320182699     
 -0.56034795700770423       0.42062630830356951     
 -0.51513957135778710       0.45208385649917082     
 -0.46700108989768641       0.48138481460100707     
 -0.41617474934892651       0.50826340548759863     
 -0.36292825579596272       0.53246493552963803     
 -0.30755298680441173       0.55375268991550985     
 -0.25036149967251770       0.57191487131894037     
 -0.19168437911093969       0.58677120561578011     
 -0.13186649682335422       0.59817882287585467     
  -7.1262793000522573E-002  0.60603703822831645     
  -1.0233722237330073E-002  0.61029070763192494     
   5.0859469364665150E-002  0.61093191601995223     
  0.11165945568782776       0.60799986323162603     
  0.17181734931540787       0.60157893627580128     
  0.23099685752261015       0.59179508207202269     
  0.28887792848747706       0.57881070964866943     
  0.34515977280170440       0.56281844314227325     
  0.39956318364004312       0.54403410838338717     
  0.45183211986503324       0.52268936224990126     
  0.50173455644300557       0.49902436577972364     
  0.54906264281914074       0.47328086376135203     
  0.59363224007506887       0.44569597255928090     
  0.63528193038855651       0.41649690313487675     
  0.67387160703669113       0.38589676648134585     
  0.70928076021395525       0.35409153177264119     
  0.74140657414711975       0.32125813933164521     
  0.77016194562462081       0.28755371477501052     
  0.79547352452463715       0.25311578900016285     
  0.81727986461183322       0.21806340087196024     
  0.83552975901777637       0.18249894405943162     
  0.85018082043522314       0.14651061417446762     
  0.86119835188773008       0.11017531452506993     
  0.86855454046474811        7.3561885770179761E-002
  0.87222799388113303        3.6734534163848830E-002
  0.87220362817427133       -2.4365706861728675E-004
  0.86847290418940049       -3.7307239848708373E-002
  0.86103440052606894       -7.4385036633315693E-002
  0.84989470108352316      -0.11139699442545736     
  0.83506956601258853      -0.14825135070934647     
  0.81658534557034601      -0.18484220442242563     
  0.79448058699065383      -0.22104758579692235     
  0.76880777507158859      -0.25672811919065208     
  0.73963513795038072      -0.29172637121207878     
  0.70704844088682062      -0.32586697063560133     
  0.67115268340266665      -0.35895757484153934     
  0.63207360960268766      -0.39079073799979025     
  0.58995893884383466      -0.42114670758853023     
  0.54497922509193508      -0.44979713751899536     
  0.49732825922564550      -0.47650965866289591     
  0.44722293993612050      -0.50105319289525008     
  0.39490255609852809      -0.52320383837592399     
  0.34062744642910536      -0.54275109669422694     
  0.28467703014594725      -0.55950416283158089     
  0.22734723381756772      -0.57329796328379523     
  0.16894737258511250      -0.58399861232455230     
  0.10979657598486725      -0.59150796600245237     
   5.0219876956491778E-002 -0.59576699028375468     
  -9.4558953255683836E-003 -0.59675772282060158     
  -6.8906264599103595E-002 -0.59450369273535209     
 -0.12781314080590600      -0.58906876206802417     
 -0.18586858645378523      -0.58055445647879245     
 -0.24277818155183323      -0.56909595098048005     
 -0.29826387747070154      -0.55485695918868327     
 -0.35206626089584858      -0.53802383425147049     
 -0.40394618307738672      -0.51879922181538107     
 -0.45368574399649420      -0.49739560919107467     
 -0.50108865326834273      -0.47402909271848570     
 -0.54598001749132008      -0.44891364222977304     
 -0.58820562590055891      -0.42225608409238879     
 -0.62763082187030739      -0.39425195969748450     
 -0.66413905697688957      -0.36508235106582215     
 -0.69763022746659276      -0.33491170489703215     
 -0.72801889093809014      -0.30388663471497401     
 -0.75523245492858726      -0.27213563990497130     
 -0.77920942002962790      -0.23976965101040590     
 -0.79989774923415524      -0.20688329204527325     
 -0.81725342336642515      -0.17355674132269935     
 -0.83123923041138625      -0.13985807044961060     
 -0.84182382486929819      -0.10584594457911944     
 -0.84898108223964863       -7.1572573703504561E-002
 -0.85268976353067871       -3.7086812910300700E-002
 -0.85293349529543205       -2.4373176475337710E-003
 -0.84970106200244244        3.2324332929896657E-002
 -0.84298699938052690        6.7140626219155591E-002
 -0.83279246952423569       0.10194529856291243     
 -0.81912639080807337       0.13666078716162355     
 -0.80200678787497537       0.17119602933097994     
 -0.78146231905497332       0.20544468820002071     
 -0.75753393055747142       0.23928388497501946     
 -0.73027657882212405       0.27257351735347363     
 -0.69976095481833911       0.30515624003784980     
 -0.66607513732174928       0.33685817496589782     
 -0.62932609688971641       0.36749040432032903     
 -0.58964096915192354       0.39685127737792836     
 -0.54716801593877973       0.42472953213143833     
 -0.50207719648702653       0.45090819451753134     
 -0.45456027916351716       0.47516917323509389     
 -0.40483043726343587       0.49729841900081290     
 -0.35312129052595542       0.51709146737480449     
 -0.29968537664938910       0.53435913876566299     
 -0.24479206332092918       0.54893313328459925     
 -0.18872493960856143       0.56067123712367739     
 -0.13177875404816364       0.56946185560397788     
  -7.4255993166125397E-002  0.57522760882038237     
  -1.6463216228692172E-002  0.57792776937433221     
   4.1292722346346809E-002  0.57755938575038979     
   9.8708423792489189E-002  0.57415701446142375     
  0.15548753099009627       0.56779107197607082     
  0.21134402151116205       0.55856490521065771     
  0.26600509736152356       0.54661075850361507     
  0.31921358517306209       0.53208487811538518     
  0.37072978888941177       0.51516203716349696     
  0.42033276708931044       0.49602978199898667     
  0.46782103665986619       0.47488269570555719     
  0.51301273151310522       0.45191694853239073     
  0.55574526785084255       0.42732536337737320     
  0.59587458511368696       0.40129317262844399     
  0.63327404377156016       0.37399458657873214     
  0.66783306762022288       0.34559023848662684     
  0.69945561974891990       0.31622552128697079     
  0.72805859862534850       0.28602978876428653     
  0.75357023473614126       0.25511636110792735     
  0.77592855987818321       0.22358325142041949     
  0.79508001140302509       0.19151451524841850     
  0.81097822322526925       0.15898211822244124     
  0.82358304480078082       0.12604821575511566     
  0.83285981896954653        9.2767741687657390E-002
  0.83877893978031193        5.9191208107654492E-002
  0.84131570226226338        2.5367624819514014E-002
  0.84045044755768916       -8.6525470457426423E-003
  0.83616899876855588       -4.2814487891333013E-002
  0.82846337513835377       -7.7056236302021380E-002
  0.81733276461092741      -0.11130610527426345     
  0.80278472721973804      -0.14548037391189347     
  0.78483659405288209      -0.17948133166855912     
  0.76351701868029953      -0.21319575372582605     
  0.73886762999762212      -0.24649388682677373     
  0.71094472764593486      -0.27922902351687240     
  0.67982095386614072      -0.31123773779794150     
  0.64558686934981357      -0.34234084516327129     
  0.60835235600221382      -0.37234513347599729     
  0.56824776728625703      -0.40104588715956768     
  0.52542474775807002      -0.42823019528187017     
  0.48005664827828032      -0.45368099479789703     
  0.43233847277596810      -0.47718175502312205     
  0.38248630666592165      -0.49852166110046436     
  0.33073619599402482      -0.51750110671896843     
  0.27734246954696185      -0.53393726447062961     
  0.22257552242233120      -0.54766947124630661     
  0.16671910732545872      -0.55856415096872480     
  0.11006720715705094      -0.56651900168407776     
   5.2920587087031588E-002 -0.57146620070019349     
  -4.4168558895191293E-003 -0.57337442976550712     
  -6.1641814814370831E-002 -0.57224958924851699     
 -0.11845522985636608      -0.56813415041995241     
 -0.17456574794618770      -0.56110518089821615     
 -0.22969286412931161      -0.55127116183123914     
 -0.28356964297460563      -0.53876778845293982     
 -0.33594494313929596      -0.52375300164690319     
 -0.38658509640866201      -0.50640153269366073     
 -0.43527502188794631      -0.48689925479284268     
 -0.48181878431376518      -0.46543762425818885     
 -0.52603963079198135      -0.44220846478216191     
 -0.56777956126461904      -0.41739930472637732     
 -0.60689850382594024      -0.39118942561321218     
 -0.64327317636580950      -0.36374672539869207     
 -0.67679572111637776      -0.33522544750568212     
 -0.70737219908282600      -0.30576477966448234     
 -0.73492102785386804      -0.27548828771042078     
 -0.75937143982510669      -0.24450411971238648     
 -0.78066202933945850      -0.21290589514351801     
 -0.79873944748097159      -0.18077418141513124     
 -0.81355729294047330      -0.14817845459501736     
 -0.82507523702711227      -0.11517944086638965     
 -0.83325841088205332       -8.1831738549410227E-002
 -0.83807707345362203       -4.8186625715687131E-002
 -0.83950656987543437       -1.4294964218123853E-002
 -0.83752758150232709        1.9789883731072634E-002
 -0.83212666088122411        5.4009206211029386E-002
 -0.82329703720337621        8.8296236778479475E-002
 -0.81103967013236467       0.12257367071011546     
 -0.79536452218749587       0.15675147944868850     
 -0.77629201200253928       0.19072510184956556     
 -0.75385460278272132       0.22437409219817950     
 -0.72809847227304436       0.25756130509676978     
 -0.69908520279161002       0.29013269481434389     
 -0.66689342278683283       0.32191780004777232     
 -0.63162032551052960       0.35273097276303195     
 -0.59338298645137688       0.38237339059152742     
 -0.55231939992032586       0.41063586531051005     
 -0.50858915740927446       0.43730242511051398     
 -0.46237369676138373       0.46215460647890733     
 -0.41387606230226492       0.48497634459118816     
 -0.36332013207187508       0.50555930230389867     
 -0.31094928892258733       0.52370843149287749     
 -0.25702453675728670       0.53924752165300605     
 -0.20182209029232537       0.55202446464961341     
 -0.14563049468926631       0.56191595603059041     
  -8.8747358112444025E-002  0.56883136576822291     
  -3.1475803510852988E-002  0.57271554601591035     
   2.5879236407065520E-002  0.57355039917918504     
   8.3014746644088255E-002  0.57135510237022724     
  0.13963324342960876       0.56618496785520500     
  0.19544614398530813       0.55812900555699385     
  0.25017677745411881       0.54730633468810685     
  0.30356294340300782       0.53386165948888997     
  0.35535895069332335       0.51796007290315549     
  0.40533709853159949       0.49978147838276149     
  0.45328859085071183       0.47951492319112360     
  0.49902390270042907       0.45735311849717231     
  0.54237264132047858       0.43348738620049448     
  0.58318296382731416       0.40810322506835572     
  0.62132062733617333       0.38137663508859176     
  0.65666775576703640       0.35347128430863128     
  0.68912141089670997       0.32453655129673625     
  0.71859205409177951       0.29470643195069579     
  0.74500198045052057       0.26409926358741020     
  0.76828379972417693       0.23281819273656384     
  0.78837902927251513       0.20095229548338187     
  0.80523685422049796       0.16857824947982866     
  0.81881309955543868       0.13576245334940726     
  0.82906944859959264       0.10256349044153992     
  0.83597293240557569        6.9034838059830753E-002
  0.83949570529279904        3.5227728872233889E-002
  0.83961511298755831        1.1940769475926385E-003
  0.83631405156768401       -3.3010614198742981E-002
  0.82958160750337018       -6.7324440643138028E-002
  0.81941396136013223      -0.10167646143237943     
  0.80581553002545458      -0.13598431334677652     
  0.78880031451483168      -0.17015215510622866     
  0.76839341245439263      -0.20406902060439031     
  0.74463264627621828      -0.23760766178174408     
  0.71757025017583054      -0.27062396100387726     
  0.68727455129170612      -0.30295698884124456     
  0.65383157384954804      -0.33442977442158078     
  0.61734648978923334      -0.36485084060314671     
  0.57794483639404493      -0.39401653395188468     
  0.53577342146362916      -0.42171414930415752     
  0.49100084038558256      -0.44772581078046630     
  0.44381753770977583      -0.47183302675806726     
  0.39443535891092396      -0.49382178798851845     
  0.34308655596670995      -0.51348802944214023     
  0.29002223274047279      -0.53064323226237153     
  0.23551024197248266      -0.54511990767990126     
  0.17983257346667716      -0.55677668505805489     
  0.12328230089210188      -0.56550272574575289     
   6.6160180315537415E-002 -0.57122120576564461     
   8.7710149256122125E-003 -0.57389165389925201     
  -4.8580084584487704E-002 -0.57351099510099912     
 -0.10559140732583222      -0.57011322741344506     
 -0.16196818198656199      -0.56376774660729778     
 -0.21742582382610362      -0.55457641839541638     
 -0.27169278132681707      -0.54266957500713475     
 -0.32451289873014016      -0.52820117403323086     
 -0.37564723850326215      -0.51134339773121962     
 -0.42487533730819482      -0.49228098804932674     
 -0.47199589799750730      -0.47120560689312485     
 -0.51682694654440831      -0.44831048546900987     
 -0.55920550509605027      -0.42378558551641921     
 -0.59898684954103720      -0.39781344444986916     
 -0.63604343169525812      -0.37056582154220968     
 -0.67026355253212178      -0.34220120836863649     
 -0.70154987431233307      -0.31286321780211246     
 -0.72981785677287081      -0.28267982460537783     
 -0.75499419662154765      -0.25176339848676860     
 -0.77701534138148254      -0.22021144759934930     
 -0.79582613899964094      -0.18810797618158387     
 -0.81137867430610333      -0.15552535306462420     
 -0.82363133295350366      -0.12252658647400287     
 -0.83254812327388972       -8.9167903203861115E-002
 -0.83809827679362425       -5.5501535197345429E-002
 -0.84025613903317109       -2.1578622395468181E-002
 -0.83900135366045503        1.2547853727160940E-002
 -0.83431933495464972        4.6820187058052909E-002
 -0.82620201571448004        8.1173192401696875E-002
 -0.81464885004038312       0.11553165674096941     
 -0.79966804268206693       0.14980807358316145     
 -0.78127796877378497       0.18390073908281993     
 -0.75950873976466104       0.21769229009123880     
 -0.73440386328870677       0.25104876475954258     
 -0.70602193684248415       0.28381926446222594     
 -0.67443830783174952       0.31583629010734582     
 -0.63974662634782564       0.34691681483923892     
 -0.60206021261112919       0.37686413736696495     
 -0.56151315914009081       0.40547053471038341     
 -0.51826108916533531       0.43252069974755536     
 -0.47248149834614184       0.45779590819193461     
 -0.42437361701878962       0.48107881327352220     
 -0.37415774527684409       0.50215871741945528     
 -0.32207403300145715       0.52083712275386951     
 -0.26838070087624283       0.53693332125214333     
 -0.21335172525466262       0.55028975621580201     
 -0.15727403782187943       0.56077687432783196     
 -0.10044431825607084       0.56829719565808601     
  -4.3165482315224983E-002  0.57278835940845851     
   1.4257013204102872E-002  0.57422495519327854     
   7.1518915184348109E-002  0.57261901980245233     
  0.12832083136337460       0.56801916179026501     
  0.18437166768357374       0.56050836320199138     
  0.23939172677295639       0.55020059089382645     
  0.29311536890041096       0.53723642127454552     
  0.34529316245210412       0.52177793551693141     
  0.39569347978710750       0.50400317335003364     
  0.44410352390864977       0.48410044121542262     
  0.49032979953943157       0.46226275630781810     
  0.53419806708786199       0.43868267548430467     
  0.57555283832074311       0.41354771232881160     
  0.61425648757147022       0.38703649250727079     
  0.65018806181669875       0.35931574245228570     
  0.68324187722332275       0.33053815406624037     
  0.71332598942576353       0.30084112202440827     
  0.74036062068134312       0.27034631255579622     
  0.76427662009822406       0.23915999416880956     
  0.78501402424755506       0.20737404149331026     
  0.80252077547372047       0.17506751226165440     
  0.81675164477194651       0.14230869298226057     
  0.82766739570914061       0.10915750937194153     
  0.83523421584854352        7.5668201394028717E-002
  0.83942343267129427        4.1892168227507257E-002
  0.84021152210567640        7.8808943438214152E-003
  0.83758040941313361       -2.6311126925428266E-002
  0.83151805420621139       -6.0623552069222097E-002
  0.82201930362029896       -9.4987505859124369E-002
  0.80908698996119732      -0.12932313659101613     
  0.79273324137020029      -0.16353748590997080     
  0.77298096611916367      -0.19752275251036636     
  0.74986546309745661      -0.23115503021707057     
  0.72343610303075778      -0.26429360066698782     
  0.69375801727124042      -0.29678085759517381     
  0.66091372406544746      -0.32844293205792985     
  0.62500461663346518      -0.35909107431982329     
  0.58615223389656290      -0.38852382736902258     
  0.54449923405843492      -0.41652999838128035     
  0.50020999426165114      -0.44289239796783747     
  0.45347076688479931      -0.46739227376851811     
  0.40448933517231983      -0.48981431712479490     
  0.35349412790774126      -0.50995207264578557     
  0.30073277440940427      -0.52761353498337016     
  0.24647010638356898      -0.54262668025835303     
  0.19098564072413399      -0.55484465659435001     
  0.13457060535553617      -0.56415035368597821     
   7.7524596525113620E-002 -0.57046008830422534     
   2.0151978329371253E-002 -0.57372618195742364     
  -3.7241848347361745E-002 -0.57393826676732995     
  -9.4354171497641331E-002 -0.57112323150279576     
 -0.15088855198979881      -0.56534380492157477     
 -0.20655813799029848      -0.55669586000499660     
 -0.26108859818744867      -0.54530460197150210     
 -0.31422058495600425      -0.53131986768555584     
 -0.36571166582944509      -0.51491080873440831     
 -0.41533769104085749      -0.49626025211412389     
 -0.46289359414361925      -0.47555903102761760     
 -0.50819364976046411      -0.45300055616844825     
 -0.55107123569922190      -0.42877585938757767     
 -0.59137816492610795      -0.40306929226886046     
 -0.62898366568481812      -0.37605500758710159     
 -0.66377309539800089      -0.34789429713182751     
 -0.69564647631737830      -0.31873380919377425     
 -0.72451693892675362      -0.28870462609375303     
 -0.75030915373864926      -0.25792214811895653     
 -0.77295782429378523      -0.22648670555135925     
 -0.79240630475342544      -0.19448480459640174     
 -0.80860539522794062      -0.16199090474515160     
 -0.82151235751202689      -0.12906962284086285     
 -0.83109018362646936       -9.5778261144424670E-002
 -0.83730713975954429       -6.2169561330749579E-002
 -0.84013659897137882       -2.8294592118345691E-002
 -0.83955716736445540        5.7943160692346327E-003
 -0.83555310023696805        4.0040671274873402E-002
 -0.82811499687219237        7.4381033647756889E-002
 -0.81724075490522352       0.10874241966968884     
 -0.80293675749054538       0.14303997414678099     
 -0.78521925865845466       0.17717498832090744     
 -0.76411592426191721       0.21103334396537465     
 -0.73966747785161935       0.24448446410297872     
 -0.71192939288102330       0.27738084970596072     
 -0.68097356518868557       0.30955827692337712     
 -0.64688989323832946       0.34083671950356093     
 -0.60978768876479217       0.37102204473537287     
 -0.56979683802808900       0.39990850736703126     
 -0.52706863461554632       0.42728203412542726     
 -0.48177620940849225       0.45292425207054055     
 -0.43411449254945889       0.47661716859033376     
 -0.38429965633931579       0.49814836210143082     
 -0.33256800690096550       0.51731649438350269     
 -0.27917431562188388       0.53393691279081634     
 -0.22438960775575684       0.54784707866127058     
 -0.16849845353925832       0.55891154216498506     
 -0.11179583477368245       0.56702618765575874     
  -5.4583684819171550E-002  0.57212149954510894     
   2.8327798423142397E-003  0.57416464661485789     
   6.0148804803890149E-002  0.57316024961575907     
  0.11706378255510103       0.56914977751210882     
  0.17328474299862365       0.56220960443522616     
  0.22852952739432333       0.55244784395699686     
  0.28252954255049795       0.54000015156174619     
  0.33503201689173367       0.52502474341235694     
  0.38580170840712741       0.50769691515393733     
  0.43462204408541316       0.48820335678285748     
  0.48129569903329433       0.46673654947881182     
  0.52564464913616471       0.44348950102870421     
  0.56750975243148061       0.41865103295315925     
  0.60674993046490244       0.39240178033421824     
  0.64324103148878253       0.36491101023880074     
  0.67687446263158912       0.33633431142806569     
  0.70755567868049485       0.30681216048905702     
  0.73520261168534629       0.27646933004851454     
  0.75974411913125173       0.24541507445905475     
  0.78111851986114034       0.21374400729888593     
  0.79927227709746640       0.18153757236326110     
  0.81415887751340810       0.14886600415941653     
  0.82573794487101748       0.11579067357609404     
  0.83397461663695294        8.2366717659355090E-002
  0.83883920240491416        4.8645857679612277E-002
  0.84030713395909196        1.4679315541778058E-002
  0.83835920835802069       -1.9479256010712258E-002
  0.83298211738120143       -5.3770909768192911E-002
  0.82416924889876220       -8.8128684824392012E-002
  0.81192173802739054      -0.12247510871371617     
  0.79624973818064604      -0.15671999846744494     
  0.77717387422462103      -0.19075863956024980     
  0.75472683191685952      -0.22447042307761533     
  0.72895502976117410      -0.25771802155685453     
  0.69992031161665613      -0.29034718144518012     
  0.66770159127072959      -0.32218720345926494     
  0.63239637428868489      -0.35305216982044685     
  0.59412207848009324      -0.38274295808591652     
  0.55301707305469372      -0.41105005425399521     
  0.50924135876891807      -0.43775714285775674     
  0.46297681779804389      -0.46264540970874185     
  0.41442697321775512      -0.48549844580288792     
  0.36381621403048864      -0.50610759187266474     
  0.31138846238113571      -0.52427751649352905     
  0.25740528421787334      -0.53983178163262358     
  0.20214347188059834      -0.55261812337275007     
  0.14589215517800028      -0.56251316702598053     
   8.8949524339562436E-002 -0.56942630838437835     
   3.1619271563449375E-002 -0.57330252776113055     
  -2.5793124385082841E-002 -0.57412395948532213     
  -8.2984135650858659E-002 -0.57191011265775815     
 -0.13965580794363244      -0.56671672292773778     
 -0.19551913813424371      -0.55863330190611260     
 -0.25029709135291178      -0.54777953218668074     
 -0.30372716376248898      -0.53430072409577178     
 -0.35556342368982347      -0.51836259927334483     
 -0.40557799294452002      -0.50014569254696561     
 -0.45356195960659512      -0.47983966662075095     
 -0.49932574118799367      -0.45763781581398510     
 -0.54269894113469996      -0.43373199946706287     
 -0.58352976093318176      -0.40830819798481843     
 -0.62168404398662602      -0.38154283053444249     
 -0.65704403584083859      -0.35359991854212597     
 -0.68950694862202710      -0.32462912781188535     
 -0.71898341637724050      -0.29476467755213409     
 -0.74539592325071558      -0.26412506873475078     
 -0.76867727901900140      -0.23281355768285830     
 -0.78876920734169842      -0.20091928322697056     
 -0.80562110195100989      -0.16851894609311496     
 -0.81918899553684310      -0.13567893585833257     
 -0.82943477574806879      -0.10245780211225719     
 -0.83632567281837122       -6.8908970703024486E-002
 -0.83983403397777945       -3.5083611594082097E-002
 -0.83993739104274467       -1.0335706496524891E-003
 -0.83661881930758275        3.3185717351619411E-002
 -0.82986757794573240        6.7512413618503520E-002
 -0.81968001440079497       0.10187563544937454     
 -0.80606070754156378       0.13619306859231156     
 -0.78902381654894149       0.17036890992622286     
 -0.76859459454430978       0.20429222004631753     
 -0.74481101790866400       0.23783576635645756     
 -0.71772547425695088       0.27085543651713145     
 -0.68740644444562760       0.30319029811323284     
 -0.65394010727971630       0.33466337165911297     
 -0.61743179036913576       0.36508316910580485     
 -0.57800718759784087       0.39424602771294881     
 -0.53581326370749294       0.42193923890347912     
 -0.49101877033174235       0.44794493375750616     
 -0.44381430609154349       0.47204464240198857     
 -0.39441186647174309       0.49402439619800381     
 -0.34304384717103353       0.51368019300709566     
 -0.28996148700842728       0.53082360162606257     
 -0.23543276231029292       0.54528724698134368     
 -0.17973977250426576       0.55692989806027149     
 -0.12317568448896568       0.56564088015300085     
  -6.6041329044759581E-002  0.57134355444206097     
  -8.6415638815904097E-003  0.57399765163169170     
   4.8718467097958219E-002  0.57360030979548626     
  0.10573704159382499       0.57018574495866770     
  0.16211939849867024       0.56382356904845232     
  0.21758098404842774       0.55461585549757486     
  0.27185029701906988       0.54269312970642147     
  0.32467124928276409       0.52820952263694199     
  0.37580498588312111       0.51133736600357038     
  0.42503113833200901       0.49226152448887883     
  0.47214851378858536       0.47117375456576338     
  0.51697524915997972       0.44826735371394377     
  0.55934848143092608       0.42373232270946387     
  0.59912360271212339       0.39775121281197323     
  0.63617318018691715       0.37049577474793727     
  0.67038562743332331       0.34212447246406102     
  0.70166371500387226       0.31278087570549001     
  0.72992300542915889       0.28259290425286598     
  0.75509029188009535       0.25167286450936460     
  0.77710211150816377       0.22011819628068380     
  0.79590339484308936       0.18801283334925545     
  0.81144630229379711       0.15542907450707791     
  0.82368928833831101       0.12242986044513905     
  0.83259642379553045        8.9071354572194825E-002
  0.83813699687644294        5.5405730809124608E-002
  0.84028540460101464        2.1484077245716889E-002
  0.83902133761199504       -1.2640669890195917E-002
  0.83433025330849631       -4.6910843034987063E-002
  0.82620412440294333       -8.1261289055529373E-002
  0.81464244230364935      -0.11561682099293952     
  0.79965344699072793      -0.14988995312921438     
  0.78125554718701051      -0.18397899803717371     
  0.75947888661388174      -0.21776660573128792     
  0.73436700406269884      -0.25111882551182940     
  0.70597852713965892      -0.28388476923039907     
  0.67438883223986024      -0.31589694899798659     
  0.63969159711099166      -0.34697235128868603     
  0.60200016794987243      -0.37691429161119205     
  0.56144866110274672      -0.40551506847125712     
  0.51819272090928159      -0.43255940193465087     
  0.47240986077492420      -0.45782860134357400     
  0.42429932473596654      -0.48110536038957674     
  0.37408142185807641      -0.50217902877890130     
  0.32199630563108328      -0.52085116226993156     
  0.26830219444062003      -0.53694111190463223     
  0.21327305602863292      -0.55029138411987122     
  0.15719580692323509      -0.56077249105397819     
  0.10036710507233071      -0.56828701850904384     
   4.3089838124372309E-002 -0.57277266947958394     
  -1.4330571194099237E-002 -0.57420409318471544     
  -7.1589909164216287E-002 -0.57259337970117052     
 -0.12838882743257010      -0.56798918268353815     
 -0.18443627939326243      -0.56047451960692329     
 -0.23945261760108996      -0.55016338207827531     
 -0.29317225361062499      -0.53719636009535021     
 -0.34534580734150233      -0.52173553730877342     
 -0.39574170187797159      -0.50395894536469243     
 -0.44414718918228741      -0.48405487304315820     
 -0.49036882034426449      -0.46221631161977067     
 -0.53423239887709162      -0.43863578532827130     
 -0.57558247588724432      -0.41350077010152742     
 -0.61428146094963731      -0.38698985062392999     
 -0.65020843201420297      -0.35926971064565605     
 -0.68325773193198569      -0.33049299917782671     
 -0.71333743884203493      -0.30079706910049192     
 -0.74036779354517068      -0.27030354703135756     
 -0.76427966003618808      -0.23911866491017342     
 -0.78501308648345391      -0.20733426447265790     
 -0.80251602394842114      -0.17502937464967186     
 -0.81674324969497403      -0.14227225746552852     
 -0.82765553154757043      -0.10912281852596462     
 -0.83521905974440702       -7.5635281968366219E-002
 -0.83940516326683434       -4.1861035224273514E-002
 -0.84019031874618388       -7.8515547934957450E-003
 -0.83755645168946669        2.6338670567172047E-002
 -0.83149152179313268        6.0649298963340259E-002
 -0.82199037636216099        9.5011454309716775E-002
 -0.80905584815302178       0.12934528209139240     
 -0.79270006617965350       0.16355781973368272     
 -0.77294594009325646       0.19754126086396995     
 -0.74982877069700005       0.23117169396256404     
 -0.72339793113581008       0.26430839561190017     
 -0.69371855560217932       0.29679375533630747     
 -0.66087316546716335       0.32845390135015995     
 -0.62496315717477946       0.35910008292383921     
 -0.58611007274361415       0.38853084431165258     
 -0.54445657308963236       0.41653499653981813     
 -0.50016703740293678       0.44289535686695536     
 -0.45342771915724706       0.46739318245689709     
 -0.40444640145914995       0.48981317698097115     
 -0.35345151146398673       0.50994889995163217     
 -0.30069067515381498       0.52760836310171733     
 -0.24642871902775434       0.54261956126060629     
 -0.19094515280718066       0.55483566220573666     
 -0.13453119526217339       0.56413957545007287     
  -7.7486431570880740E-002  0.57044763691292644     
  -2.0115212996443969E-002  0.57371218574436766     
   3.7277073945289320E-002  0.57392286941733284     
   9.4387732853505518E-002  0.57110658908216194     
  0.15092034109139091       0.56532608237885373     
  0.20658806382385231       0.55667722732461400     
  0.26111658684191702       0.54528523018064712     
  0.31424657933357519       0.53129992491658162     
  0.36573562498672407       0.51489045653148868     
  0.41535958920136401       0.49623964214639948     
  0.46291341943487974       0.47553830233515704     
  0.50821140273750620       0.45297983302626421     
  0.55108692772059620       0.42875524983089952     
  0.59139181644895278       0.40304888728356597     
  0.62899530454249808       0.37603488093545329     
  0.66378275511821760       0.34787450575719564     
  0.69565419453117294       0.31871439412955355     
  0.72452275591027204       0.28868561379099122     
  0.75031311112061450       0.25790355210342497     
  0.77295996395287447       0.22646852832260012     
  0.79240666792159298       0.19446703968718526     
  0.80860402180842050       0.16197353886827562     
  0.82150928561441783       0.12905263805997363     
  0.83108544931595862        9.5761637015408213E-002
  0.83730077701289596        6.2153276969372950E-002
  0.84012863982865837        2.8278628157624074E-002
  0.83954764226242273       -5.8099756623566784E-003
  0.83554203850745945       -4.0056037549632384E-002
  0.82810242738645734       -7.4396111210020779E-002
  0.81722670684293164      -0.10875720543525752     
  0.80292126120991514      -0.14305445633016503     
  0.78520234664161626      -0.17718914568298935     
  0.76409763210719550      -0.21104714534420782     
  0.73964784528197458      -0.24449786825220970     
  0.71190846473555036      -0.27739380546424230     
  0.68095139236205759      -0.30957072373492744     
  0.64686653353165380      -0.34084858830403764     
  0.60976320761085989      -0.37103325920793900     
  0.56977130905479745      -0.39991898556062488     
  0.52704214001370731      -0.42729169041090159     
  0.48174884007459651      -0.45293299939110820     
  0.43408634798042312      -0.47662492094173398     
  0.38427084426481195      -0.49815503715611148     
  0.33253864264941330      -0.51732201615398632     
  0.27914452122814504      -0.53394121421268270     
  0.22435951083132594      -0.54785010396819112     
  0.16846818593842930      -0.55891324892896643     
  0.11176553110078891      -0.56702654837640387     
   5.4553480831541407E-002 -0.57212050269247494     
  -2.8627488744877305E-003 -0.57416229706029132     
  -6.0178405716654337E-002 -0.57315656842166607     
 -0.11709288582582496      -0.56914480109170618     
 -0.17331322413913594      -0.56220338313310980     
 -0.22855726815283672      -0.55244044013700766     
 -0.28255643188451440      -0.53999163731677680     
 -0.33505795168742047      -0.52501519802906083     
 -0.38582659393468782      -0.50768642247267348     
 -0.43464579419366833      -0.48819200258980489     
 -0.48131823609910751      -0.46672441905439155     
 -0.52566590379475187      -0.44347667695644316     
 -0.56752966312161113      -0.41863759326859262     
 -0.60676844282831643      -0.39238779706705335     
 -0.64325809766589592      -0.36489654837579505     
 -0.67689004049597679      -0.33631942830080902     
 -0.70756973105311483      -0.30679690557138062     
 -0.73521510556643599      -0.27645374513321219     
 -0.75975502498374436      -0.24539919417308317     
 -0.78112781097472894      -0.21372785990984591     
 -0.79927992905743872      -0.18152118082709789     
 -0.81416486779334851      -0.14884938735909758     
 -0.82574225256361555      -0.11577384770267057     
 -0.83397722233256255       -8.2349697689469550E-002
 -0.83884008822320988       -4.8628658906473679E-002
 -0.84030628373514127       -1.4661955119313924E-002
 -0.83835660798026057        1.9496757548807149E-002
 -0.83297775527508966        5.3788527051708938E-002
 -0.82416311664616271        8.8146386289268963E-002
 -0.81191383110795645       0.12249285538206230     
 -0.79624005681752341       0.15673774290432993     
 -0.77716242431268145       0.19077632504841940     
 -0.75471362600741554       0.22448798305265877     
 -0.72894008807284427       0.25773537934571322     
 -0.69990366303790508       0.29036425034939206     
 -0.66768327431588825       0.32220388722016857     
 -0.63237643796629772       0.35306836349590487     
 -0.59410058303066282       0.38275854935634923     
 -0.55299409051473503       0.41106492515927734     
 -0.50921697332013827       0.43777117194596715     
 -0.46295112586478376       0.46265847455354486     
 -0.41440008328280170       0.48551042581982046     
 -0.36378824614901728       0.50611837133784421     
 -0.31135954738463273       0.52428698764384563     
 -0.25737556261390715       0.53983984770725602     
 -0.20211309246943854       0.55262470144468612     
 -0.14586127342228336       0.56251819047155183     
  -8.8918300537275285E-002  0.56942972885008070     
  -3.1587868886232592E-002  0.57330431651042690     
   2.5824541918008745E-002  0.57412410804241332     
   8.3015405188786209E-002  0.57190863270777459     
  0.13968676973674443       0.56671364547958214     
  0.19554963731382369       0.55862867577079267     
  0.25032697950041366       0.54777342186589961     
  0.30375630022130506       0.53429320720891404     
  0.35559167658861379       0.51835376367308705     
  0.40560523991693875       0.50013563328324961     
  0.45358808820794116       0.47982848291002395     
  0.49935064902363746       0.45762560815696296     
  0.54272253572727003       0.43371886703632567     
  0.58355195936489868       0.40829423637628692     
  0.62170477235962696       0.38152812994728325     
  0.65706322860188859       0.35358456242261588     
  0.68952454779892769       0.32461319197039118     
  0.71899937077293585       0.29474822974008202     
  0.74541018763803746       0.26410816865101644     
  0.76868981337469000       0.23279625736652571     
  0.78877997615324169       0.20090162778551732     
  0.80563007362435080       0.16850097471109132     
  0.81919614192741463       0.13566068303063805     
  0.82944007183213975       0.10243929904725080     
  0.83632909651644560        6.8890246843058889E-002
  0.83983556613683064        3.5064696203850360E-002
  0.83993701557936806        1.0144944253738936E-003
  0.83661652350965598       -3.3204920697120957E-002
  0.82986335292579583       -6.7531705838601422E-002
  0.81967385569001061      -0.10189497235785253     
  0.80605261580870358      -0.13621239881307018     
  0.78901379842434127      -0.17038817384362281     
  0.76858266352410454      -0.20431134900236725     
  0.74479719530995458      -0.23785468214149968     
  0.71770979018998315      -0.27087405119971403     
  0.68738893876482043      -0.30320851425162715     
  0.65392083047176264      -0.33468108293057797     
  0.61741080433381890      -0.36510026137943757     
  0.57798456627609252      -0.39426238057726365     
  0.53578909351203585      -0.42195472764056674     
  0.49099315033882340      -0.44795943173212416     
  0.44378734795809904      -0.47205802380724382     
  0.39438369405098317      -0.49403653907115858     
  0.34301459581079968      -0.51369098240183464     
  0.28993130253037958      -0.53083293280420119     
  0.23540179968333252      -0.54529502847047062     
  0.17970819424162895      -0.55693605441703564     
  0.12314365881395070      -0.56564535427678253     
   6.6009027883792565E-002 -0.57134630930158137     
   8.6091607540710671E-003 -0.57399867129721494     
  -4.8750799216893008E-002 -0.57359959970964070     
 -0.10576913235950181      -0.57018333142608790     
 -0.16215108215690527      -0.56381949797403474     
 -0.21761210120193639      -0.55461019045031112     
 -0.27188069614454147      -0.54268594942605075     
 -0.32470078795758628      -0.52820091813044823     
 -0.37583353169715084      -0.51132743739564579     
 -0.42505856947657744      -0.49225037779426589     
 -0.47217471933085564      -0.47116149854278166     
 -0.51700012902481995      -0.44825409693964335     
 -0.55937194612388663      -0.42371817099066728     
 -0.59914557282550840      -0.39773626701621767     
 -0.63619358573622042      -0.37048012910712080     
 -0.67040440707362647      -0.34210821337406033     
 -0.70168081517553571      -0.31276408101909214     
 -0.72993837947975859      -0.28257564304222910     
 -0.75510389920559418      -0.25165519725835550     
 -0.77711391675126507      -0.22010017545670840     
 -0.79591336718106809      -0.18799450429803077     
 -0.81145441484220360      -0.15541047661135524     
 -0.82369551769107430      -0.12241102848870741     
 -0.83260074971633602       -8.9052320252616862E-002
 -0.83813940215090499       -5.5386524345689872E-002
 -0.84028587505413632       -2.1464729032313046E-002
 -0.83901986229065928        1.2660127634769945E-002
 -0.83432682482419174        4.6930374664675575E-002
 -0.82619873942549815        8.1280853986935575E-002
 -0.81463510219233815       0.11563637233160043     
 -0.79964415854465054       0.14990943647687630     
 -0.78124432349209216       0.18399835052558364     
 -0.75946574795922384       0.21778575532868349     
 -0.73435197889441972       0.25113769064804126     
 -0.70596165301597236       0.28390325878447320     
 -0.67437015674721235       0.31591496268760016     
 -0.63967117869795809       0.34698978049254214     
 -0.60197807663362279       0.37693102064335277     
 -0.56142497900266042       0.40553097630962387     
 -0.51816754256420061       0.43257436438459790     
 -0.47238329320492767       0.45784249359272972     
 -0.42427148721669949       0.48111805988228168     
 -0.37405244538560306       0.50219041831096445     
 -0.32196633206774150       0.52086113317861549     
 -0.26827137534691387       0.53694956720827636     
 -0.21324155120198796       0.55029824144925898     
 -0.15716378268039119       0.56077768521596771     
 -0.10033473232700998       0.56829050353381205     
  -4.3057290324371000E-002  0.57277442002638979     
   1.4363120197250757E-002  0.57420410521621756     
   7.1622287235282828E-002  0.57259167038032077     
  0.12842086618488258       0.56798578949599732     
  0.18446781606099311       0.56046949876110530     
  0.23948349668897179       0.55015680627978680     
  0.29320232827182890       0.53718831582857141     
  0.34537494045008865       0.52172612178259714     
  0.39576976677914005       0.50394826329051401     
  0.44417407012025500       0.48404303341114979     
  0.49039441258283578       0.46220342462580771     
  0.53425660854095236       0.43862195958116601     
  0.57560521956211452       0.41348611021162129     
  0.61430266508640019       0.38697445524285651     
  0.65022803218601632       0.35925367099616090     
  0.68327567199444317       0.33047639808426876     
  0.71335367004511019       0.30077998050667049     
  0.74038227364245646       0.27028603597346218     
  0.76429235243236926       0.23910078789912850     
  0.78502395945552628       0.20731607023156973     
  0.80252504997030394       0.17501090514777617     
  0.81675040488920925       0.14225354918905328     
  0.82766079528197756       0.10910390392768307     
  0.83522241438601497        7.5616191040374398E-002
  0.83940659410020002        4.1841797141850740E-002
  0.84018981405831328        7.8321995811327996E-003
  0.83755400301892768       -2.6358110393855952E-002
  0.83148712433649630       -6.0668786824313987E-002
  0.82198402952653360       -9.5030948099626866E-002
  0.80904755623904645      -0.12936473287487094     
  0.79268983917490432      -0.16357717064142097     
  0.77293379455140876      -0.19756044623495597     
  0.74981473067358417      -0.23119063877824580     
  0.72338202914686778      -0.26432701526716385     
  0.69370083356794809      -0.29681195578919706     
  0.66085367559931352      -0.32847157968634538     
  0.62494196276309610      -0.35911712836217458     
  0.58608724879677720      -0.38854713966318866     
  0.54443220678536586      -0.41655042011411392     
  0.50014122830568808      -0.44290978479677767     
  0.45340057916705712      -0.46740649138630957     
  0.40441805446365392      -0.48982524703403180     
  0.35342209267648200      -0.50995961787171895     
  0.30066033013371385      -0.52761762542768165     
  0.24639760239485797      -0.54262727738855876     
  0.19091342667714353      -0.55484175717714435     
  0.13449902744612091      -0.56414399231022605     
   7.7453993596133308E-002 -0.57045033849987603     
   2.0082678016446615E-002 -0.57371315579686688     
  -3.7309533276487623E-002 -0.57392211292934237     
  -9.4419946464272958E-002 -0.57110413187785325     
 -0.15095214345741978      -0.56532196993146822     
 -0.20661929574644405      -0.55667152289024280     
 -0.26114709698238348      -0.54527801235939410     
 -0.31427622546087586      -0.53129128478492360     
 -0.36576427491172886      -0.51488049450852980     
 -0.41538712138795686      -0.49622846476228011     
 -0.46293972329423860      -0.47552601906281711     
 -0.50823637862624627      -0.45296655332007668     
 -0.55111048667526907      -0.42874108049022763     
 -0.59141387969820003      -0.40303393022930967     
 -0.62901580284382974      -0.37601923145629707     
 -0.66380162796905695      -0.34785825125227204     
 -0.69567138930382266      -0.31869761334765756     
 -0.72453822695828318      -0.28866837654460470     
 -0.75032681890020447      -0.25788591941921246     
 -0.77297187419806979      -0.22645055297865330     
 -0.79241675090613062      -0.19444876708060810     
 -0.80861225172152007      -0.16195500815389458     
 -0.82151564007162703      -0.12903388350106956     
 -0.83108990902056867       -9.5742689489416971E-002
 -0.83730332557802767       -6.2134165574589631E-002
 -0.84012926376505792       -2.8259381870303052E-002
 -0.83954633113224975        5.8293263280822030E-003
 -0.83553878523982084        4.0075458924289625E-002
 -0.82809722874604919        7.4415564937716810E-002
 -0.81721956403879803       0.10877664707251200     
 -0.80291218062693914       0.14307383411858915     
 -0.78519134067288032       0.17720839954058865     
 -0.76408472006079664       0.21106620612083732     
 -0.73963305433132709       0.24451665729469518     
 -0.71189183087781760       0.27741223453509511     
 -0.68093296134536219       0.30958869532455396     
 -0.64684636170845833       0.34086599636903830     
 -0.60974136267278034       0.37104999035677982     
 -0.56974787060356058       0.39993492069219816     
 -0.52701719992443574       0.42730670679124810     
 -0.48172250261149918       0.45294697312936549     
 -0.43405872963155778       0.47663772979941388     
 -0.38424207327195947       0.49816656359598332     
 -0.33250885822109338       0.51733215050866099     
 -0.27911387243795355       0.53394985783139837     
 -0.22432815521932431       0.54785717218629248     
 -0.16843628784924228       0.55891867370082027     
 -0.11173325980715762       0.56703028042084658     
  -5.4521008505061974E-002  0.57212251302095640     
   2.8952492740181093E-003  0.57416257779080082     
   6.0210762556406977E-002  0.57315513282388864     
  0.11712493084210134       0.56914168285694355     
  0.17334479433327735       0.56219863491176003     
  0.22858820747648201       0.55243413143204645     
  0.28258659266242336       0.53998385185941322     
  0.33508719574135326       0.52500603078929919     
  0.38585479338846079       0.50767597647107521     
  0.43467283195617251       0.48818038567711702     
  0.48134400603758581       0.46671174081413286     
  0.52569031062402638       0.44346304586440571     
  0.56755262204558576       0.41862311421559417     
  0.60678987897762837       0.39237256932042630     
  0.64327794538003158       0.36488066402403174     
  0.67690824249972981       0.33630297119698216     
  0.70758623757634709       0.30677995076617309     
  0.73522987345320856       0.27643635876861422     
  0.75976801683254336       0.24538143379334845     
  0.78113899434623146       0.21370977513688053     
  0.79928927578047426       0.18150281434242796     
  0.81417235339377780       0.14883077613303564     
  0.82574785583500709       0.11575502441229302     
  0.83398092506196464        8.2330692269575678E-002
  0.83884187508006103        4.8609500180964244E-002
  0.84030614232643153        1.4642672463704442E-002
  0.83835452907040586       -1.9516132560256597E-002
  0.83297373316452195       -5.3807959058838672E-002
  0.82415714969827414       -8.8165834662478099E-002
  0.81190592240967563      -0.12251227288598524     
  0.79623021495437862      -0.15675707455297039     
  0.77715066423469170      -0.19079550719686927     
  0.75469996995758470      -0.22450694277106947     
  0.72892456654551974      -0.25775403412064951     
  0.69988631572999482      -0.29038250815524891     
  0.66766415103018517      -0.32222164699809624     
  0.63235559942329933      -0.35308551606885885     
  0.59407810154371665      -0.38277497879582689     
  0.55297005048354375      -0.41108051060172857     
  0.50919147150005017      -0.43778578983493605     
  0.46292427137423897      -0.46267200125811209     
  0.41437199731900509      -0.48552274055233902     
