  0.54913268127758275       -4.4660936501637882E-002
  0.54124982022261936       -7.8828610549634331E-002
  0.53096953221750487      -0.10280288005114450     
  0.51927089104515478      -0.11698641172350083     
  0.50708322571008624      -0.12187665335068526     
  0.49527741997825503      -0.11805805731831234     
  0.48465801906577249      -0.10619400912482528     
  0.47595621111989944       -8.7018079458730441E-002
  0.46982377182107443       -6.1324392988249890E-002
  0.46682806537057669       -2.9957064504977177E-002
  0.46744818767108182        6.2012230050511180E-003
  0.47207232163509916        4.6241339640173296E-002
  0.48099635396773682        8.9240323326376922E-002
  0.49442378023104827       0.13427426263311462     
  0.51246690201271827       0.18043121781669974     
  0.53514929685344403       0.22682394840725795     
  0.56240951756826307       0.27260220714819078     
  0.59410595165361313       0.31696434085350095     
  0.63002274272599312       0.35916791072379950     
  0.66987664425699989       0.39853901531006741     
  0.71332464224148262       0.43447997984482700     
  0.75997215008200403       0.46647507840521346     
  0.80938154915834382       0.49409399076339811     
  0.86108082611419456       0.51699276955850704     
  0.91457204658583580       0.53491220471641288     
  0.96933940786537454       0.54767361279538718     
   1.0248566313574830       0.55517223492108303     
   1.0805934893785778       0.55736858021094771     
   1.1360213077407788       0.55427818362201087     
   1.1906173419860193       0.54596034245240510     
   1.2438679864240092       0.53250644437989925     
   1.2952708363342365       0.51402849910227344     
   1.3443356802916195       0.49064843957383075     
   1.3905845480347807       0.46248867743161237     
   1.4335509774247763       0.42966429389995714     
   1.4727786910962639       0.39227713671487680     
   1.5078198899673863       0.35041198871122403     
   1.5382333784865339       0.30413488519147625     
   1.5635827376811509       0.25349359194616927     
   1.5834347593703297       0.19852021689178817     
   1.5973583508898395       0.13923591519509707     
   1.6049241165603665        7.5657656705270623E-002
   1.6057048214431655        7.8070488279892020E-003
   1.5992769452472793       -6.4278761958861813E-002
   1.5852235388671887      -0.14053406380090472     
   1.5631386005503844      -0.22084938316804242     
   1.5326331885974975      -0.30505411952886813     
   1.4933434756459782      -0.39289712951519329     
   1.4449409158593767      -0.48402559786601562     
   1.3871446276174981      -0.57796288241878635     
   1.3197359752061368      -0.67408652411361258     
   1.2425751479656673      -0.77160827240469576     
   1.1556192725452163      -0.86955875420450912     
   1.0589412514598759      -0.96678021085340282     
  0.95274811539573612       -1.0619313606413980     
  0.83739725086746541       -1.1535086452827066     
  0.71340849477833235       -1.2398875608913307     
  0.58146987943530881       -1.3193861534302347     
  0.44243488652720775       -1.3903499290810104     
  0.29730952996504861       -1.4512535656215912     
  0.14722847729521560       -1.5008105266983300     
  -6.5793240867335068E-003  -1.5380780138194909     
 -0.16283361072859456       -1.5625428664186105     
 -0.32025111298247377       -1.5741750225387923     
 -0.47759503824887739       -1.5734392526640362     
 -0.63372127490306163       -1.5612623665418428     
 -0.78761731556395675       -1.5389604066089506     
 -0.93843097547424259       -1.5081365991028581     
  -1.0854874275856656       -1.4705645211142302     
  -1.2282945704164070       -1.4280714283074125     
  -1.3665380040104116       -1.3824343359400453     
  -1.5000677359051355       -1.3352973189472390     
  -1.6288791232597672       -1.2881138735463167     
  -1.7530905353470472       -1.2421141208728002     
  -1.8729199093792719       -1.1982937403222471     
  -1.9886619038592270       -1.1574199447995503     
  -2.1006668410462352       -1.1200493718700806     
  -2.2093221537077028       -1.0865531266146735     
  -2.3150366556993607       -1.0571450199165766     
  -2.4182276568820469       -1.0319100118268631     
  -2.5193107368965317       -1.0108308001448501     
  -2.6186918653681190      -0.99381128471587410     
  -2.7167614904007853      -0.98069625032666219     
  -2.8138901953929256      -0.97128704992140269     
  -2.9104255315552074      -0.96535336162281871     
  -3.0066896587693792      -0.96264127214171846     
  -3.1029774627400362      -0.96287803970656860     
  -3.1995548568810017      -0.96577394140965778     
  -3.2966570205697017      -0.97102163688699894     
  -3.3944863706511170      -0.97829350081415378     
  -3.4932101110320408      -0.98723740380923675     
  -3.5929572573417001      -0.99747146309659196     
  -3.6938150917395705       -1.0085783439787050     
  -3.7958250686282211       -1.0200997688865088     
  -3.8989782661072478       -1.0315319747902691     
  -4.0032105598889069       -1.0423229378165879     
  -4.1083977833996315       -1.0518722351072420     
  -4.2143512245595316       -1.0595344115989984     
  -4.3208138879439355       -1.0646266338440395     
  -4.4274580096154130       -1.0664412167147754     
  -4.5338843380112896       -1.0642632839587634     
  -4.6396236750859376       -1.0573933707464824     
  -4.7441410973872093       -1.0451742230127186     
  -4.8468431426964083       -1.0270204530919851     
  -4.9470880587625947       -1.0024491606618604     
  -5.0441989812473365      -0.97110922484741624     
  -5.1374796626780306      -0.93280681430694490     
  -5.2262321439089696      -0.88752481230938940     
  -5.3097755762936538      -0.83543432384683980     
  -5.3874652929900515      -0.77689716696397393     
  -5.4587112067406105      -0.71245913750559198     
  -5.5229946795580283      -0.64283472817417497     
  -5.5798831528792920      -0.56888473321264188     
  -5.6290420198071836      -0.49158866927891059     
  -5.6702434338624164      -0.41201414055233043     
  -5.7033719524552744      -0.33128518592858386     
  -5.7284270859732578      -0.25055133517983680     
  -5.7455229525201892      -0.17095866546931215     
  -5.7548853214419387       -9.3623689217495171E-002
  -5.7568463714888853       -1.9610500469470105E-002
  -5.7518375025160120        5.0088689728731928E-002
  -5.7403805353996997       0.11456967116312139     
  -5.7230776244638442       0.17302910935855687     
  -5.7006001979312941       0.22477426532550415     
  -5.6736772382255181       0.26922959705775856     
  -5.6430832145993026       0.30594023626215383     
  -5.6096259815368148       0.33457233062488012     
  -5.5741349518531962       0.35491029683618974     
  -5.5374498375217476       0.36685114331448643     
  -5.5004102196097140       0.37039617912033412     
  -5.4638461595268684       0.36564060082845928     
  -5.4285699983844218       0.35276161142446205     
  -5.3953694137607986       0.33200584623623364     
  -5.3650017197441686       0.30367694016630126     
  -5.3381893138412533       0.26812405902915326     
  -5.3156161000238296       0.22573213817423768     
  -5.2979246564672078       0.17691443556622166     
  -5.2857138733664533       0.12210783100754594     
  -5.2795367627973295        6.1771105691236089E-002
  -5.2798981397106406       -3.6137691331122115E-003
  -5.2872518907745691       -7.3537510639285208E-002
  -5.3019975856915638      -0.14745694916994495     
  -5.3244762439325024      -0.22478658240939020     
  -5.3549651492247392      -0.30488905292237073     
  -5.3936717056078569      -0.38706556383117535     
  -5.4407264530029593      -0.47054747395102814     
  -5.4961755058246693      -0.55449052821710010     
  -5.5599728403966751      -0.63797334572006115     
  -5.6319730253865155      -0.72000184989840432     
  -5.7119251464367133      -0.79952121050198111     
  -5.7994687961465932      -0.87543649709879889     
  -5.8941330519824504      -0.94664255835857491     
  -5.9953393146197635       -1.0120626263731338     
  -6.1024087011925490       -1.0706938657278573     
  -6.2145743718769442       -1.1216567068439509     
  -6.3309987297959962       -1.1642435791905181     
  -6.4507949196186356       -1.1979618982263962     
  -6.5730515331090720       -1.2225661349043675     
  -6.6968589986398408       -1.2380746553076918     
  -6.8213358691075685       -1.2447687046772755     
  -6.9456531840039410       -1.2431731489637212     
  -7.0690552781916800       -1.2340209418773851     
  -7.1908758062464218       -1.2182052805474168     
  -7.3105482733374769       -1.1967246709105481     
  -7.4276109199804106       -1.1706264664293347     
  -7.5417063119446794       -1.1409539196426919     
  -7.6525763745191036       -1.1087006257442387     
  -7.7600538505969601       -1.0747747607785689     
  -7.8640512542234395       -1.0399740362647931     
  -7.9645483583422161       -1.0049710411877653     
  -8.0615791331341349      -0.97030774791919272     
  -8.1552188777959334      -0.93639744661799207     
  -8.2455720974618956      -0.90353219665961704     
  -8.3327614934148588      -0.87189395952962934     
  -8.4169182746968989      -0.84156781282039850     
  -8.4981738704735772      -0.81255595776678291     
  -8.5766530266142027      -0.78479156140626050     
  -8.6524682044849808      -0.75815177870777883     
  -8.7257151603028138      -0.73246955817833159     
  -8.7964695641623525      -0.70754403859539028     
  -8.8647845137261321      -0.68314949563780136     
  -8.9306888038518064      -0.65904290125673592     
  -8.9941858262190628      -0.63497022367256672     
  -9.0552529892369318      -0.61067163017869108     
  -9.1138415658370526      -0.58588576600121123     
  -9.1698768935023498      -0.56035327665297852     
  -9.2232588658673489      -0.53381972364998775     
  -9.2738626676827494      -0.50603801815400717     
  -9.3215397144052830      -0.47677046722533700     
  -9.3661187639490961      -0.44579049543812577     
  -9.4074071712217080      -0.41288407272611061     
  -9.4451922561537565      -0.37785084932049129     
  -9.4792427533721124      -0.34050497218356496     
  -9.5093103069715532      -0.30067553599441560     
  -9.5351309676693372      -0.25820660697783382     
  -9.5564266427751416      -0.21295675105804768     
  -9.5729064427981889      -0.16479800023046942     
  -9.5842678631826939      -0.11361420384504943     
  -9.5901977367629030       -5.9298735802098865E-002
  -9.5903728933277002       -1.7515656479669822E-003
  -9.5844604685893575        5.9124247383421216E-002
  -9.5721178174524368       0.12342651136921343     
  -9.5529920076219508       0.19125809830486387     
  -9.5267189014685929       0.26273106153357512     
  -9.4929218793338830       0.33797022134709859     
  -9.4512103193138284       0.41711560020054878     
  -9.4011780307943553       0.50032288519473378     
  -9.3424019458682519       0.58776084926102556     
  -9.2744415084892307       0.67960437379020910     
  -9.1968393690407098       0.77602139448520469     
  -9.1091241921455417       0.87715176895167291     
  -9.0108166118276429       0.98307580317898802     
  -8.9014396025214424        1.0937700930620076     
  -8.7805347392368134        1.2090486328462819     
  -8.6476859283217991        1.3284881091501415     
  -8.5025520955245817        1.4513383279721741     
  -8.3449098710595653        1.5764222446501717     
  -8.1747063314575463        1.7020353960201804     
  -7.9921201765102499        1.8258615494729662     
  -7.7976272707083156        1.9449290580193437     
  -7.5920634392638178        2.0556383144449826     
  -7.3766743529177985        2.1538908634601923     
  -7.1531403033863663        2.2353404953143210     
  -6.9235640046989211        2.2957629868744567     
  -6.6904133882549406        2.3315061644398063     
  -6.4564188466024657        2.3399454165247509     
  -6.2244340798280726        2.3198476677439270     
  -5.9972786774039761        2.2715540242409653     
  -5.7775855263841160        2.1969315101986044     
  -5.5676750619844402        2.0991046439967564     
  -5.3694716761560741        1.9820338582836632     
  -5.1844678762744127        1.8500379988166160     
  -5.0137324225752913        1.7073545369912186     
  -4.8579522317755188        1.5578019079977272     
  -4.7174952279554123        1.4045700382010660     
  -4.5924819842017461        1.2501324375366623     
  -4.4828566224229984        1.0962536177874775     
  -4.3884507060120610       0.94405916410937618     
  -4.3090368499899956       0.79413856022065554     
  -4.2443710396803151       0.64665810309680138     
  -4.1942241069505970       0.50146932729718474     
  -4.1584035778171167       0.35820529133480689     
  -4.1367673620946182       0.21636215722498492     
  -4.1292306836529091        7.5366784417092783E-002
  -4.1357673890680733       -6.5367054151639764E-002
  -4.1564064204754230      -0.20639031407349739     
  -4.1912238587095434      -0.34817438234120585     
  -4.2403305782822471      -0.49106719572703961     
  -4.3038552424700871      -0.63524664187840330     
  -4.3819221461081082      -0.78066903638021201     
  -4.4746233417138130      -0.92701195605704967     
  -4.5819846369292225       -1.0736129521540969     
  -4.7039255193023148       -1.2194088237309191     
  -4.8402139366048944       -1.3628841730257986     
  -4.9904181829202514       -1.5020424631535696     
  -5.1538598521823396       -1.6344166926208772     
  -5.3295736793948372       -1.7571382721249775     
  -5.5162816180269845       -1.8670793863214770     
  -5.7123890168583706       -1.9610739883138639     
  -5.9160095458337834       -2.0362052897541232     
  -6.1250221600019241       -2.0901261416814090     
  -6.3371581369942653       -2.1213597699234157     
  -6.5501101936476580       -2.1295205665339259     
  -6.7616506351995040       -2.1154044155184644     
  -6.9697431381164474       -2.0809250291694297     
  -7.1726339999140372       -2.0289086179758971     
  -7.3689130985079068       -1.9627909859386967     
  -7.5575408889408031       -1.8862779043289626     
  -7.7378436562965174       -1.8030276735571471     
  -7.9094834887035859       -1.7163983240706808     
  -8.0724114322727178       -1.6292794356913174     
  -8.2268122479152730       -1.5440081564255483     
  -8.3730477831794268       -1.4623553526415445     
  -8.5116039624141582       -1.3855617923473176     
  -8.6430443838748356       -1.3144042146067771     
  -8.7679718411260765       -1.2492745725124150     
  -8.8869978854835558       -1.1902604435747965     
  -9.0007197980631535       -1.1372191257959718     
  -9.1097039553834218       -1.0898415732026792     
  -9.2144744447142664       -1.0477048933084532     
  -9.3155058189490845       -1.0103137423481847     
  -9.4132190024303402      -0.97713183481255927     
  -9.5079795185872324      -0.94760516156891894     
  -9.6000973761699964      -0.92117857582764451     
  -9.6898281058507614      -0.89730729680765753     
  -9.7773745747157719      -0.87546468865010774     
  -9.8628893199346663      -0.85514745218893806     
  -9.9464772349030000      -0.83587914968332999     
  -10.028198513056520      -0.81721278153519206     
  -10.108071808452719      -0.79873295396199850     
  -10.186077610192013      -0.78005801739295100     
  -10.262161851692220      -0.76084241500206140     
  -10.336239787416588      -0.74077935724368182     
  -10.408200170455205      -0.71960383038616937     
  -10.477909755954085      -0.69709585498880644     
  -10.545218139490213      -0.67308383536127647     
  -10.609962918028888      -0.64744778538674441     
  -10.671975136222802      -0.62012218193913848     
  -10.731084954841647      -0.59109818618845067     
  -10.787127453426283      -0.56042498584636991     
  -10.839948458088415      -0.52821004662132542     
  -10.889410269654537      -0.49461811566122249     
  -10.935397158514638      -0.45986888860100394     
  -10.977820491384906      -0.42423332870268038     
  -11.016623361840193      -0.38802870455287830     
  -11.051784610353511      -0.35161248513319221     
  -11.083322139556111      -0.31537529202599462     
  -11.111295454938420      -0.27973315382307939     
  -11.135807388444514      -0.24511933506094219     
  -11.157004990508725      -0.21197602064211557     
  -11.175079603281080      -0.18074612772355705     
  -11.190266152544407      -0.15186549263326055     
  -11.202841716883411      -0.12575564339004014     
  -11.213123449084394      -0.10281732200983654     
  -11.221465935896953       -8.3424868125595381E-002
  -11.228258087844125       -6.7921519471719163E-002
  -11.233919650661814       -5.6615628176883731E-002
  -11.238897424363525       -4.9777737017112619E-002
  -11.243661265268791       -4.7638409052663283E-002
  -11.248699931218340       -5.0386659495494562E-002
  -11.254516811435646       -5.8168802173059725E-002
  -11.261625561072677       -7.1087496370302261E-002
  -11.270545637553839       -8.9200764811621341E-002
  -11.281797712720136      -0.11252075166297386     
  -11.295898912947361      -0.14101200227225819     
  -11.313357820513707      -0.17458907566345191     
  -11.334669155376602      -0.21311334862895137     
  -11.360308049291815      -0.25638893915213323     
  -11.390723826269280      -0.30415776977464581     
  -11.426333217407025      -0.35609391137745244     
  -11.467512967088764      -0.41179749681737848     
  -11.514591834261145      -0.47078867172380728     
  -11.567842059421890      -0.53250225160746278     
  -11.627470456193874      -0.59628396771983971     
  -11.693609394740591      -0.66138938546716242     
  -11.766308067940868      -0.72698673200276931     
  -11.845524560322424      -0.79216492381557424     
  -11.931119358441933      -0.85594798119508020     
  -12.022851028002702      -0.91731669560769191     
  -12.120374811728862      -0.97523783726159752     
  -12.223244846974195       -1.0287003524533276     
  -12.330920543433031       -1.0767569645883563     
  -12.442777392871934       -1.1185684943890215     
  -12.558122118471243       -1.1534472559930919     
  -12.676211648556244       -1.1808953008500198     
  -12.796274976300902       -1.2006332774465882     
  -12.917536612466403       -1.2126163616550196     
  -13.039240117297291       -1.2170350483088779     
  -13.160670154688722       -1.2143003739143070     
  -13.281171658209496       -1.2050150352077404     
  -13.400165009638330       -1.1899335142883489     
  -13.517156551457632       -1.1699154181930103     
  -13.631744214529206       -1.1458766307157429     
  -13.743618471373319       -1.1187425684411176     
  -13.852559170033569       -1.0894069866024985     
  -13.958429033003837       -1.0586986297026799     
  -14.061164714197519       -1.0273568119368246     
  -14.160766308242295      -0.99601594044775676     
  -14.257286126288143      -0.96519818045849526     
  -14.350817420989658      -0.93531294701514911     
  -14.441483588362431      -0.90666167372772954     
  -14.529428218169393      -0.87944629806963015     
  -14.614806222716819      -0.85378004547425368     
  -14.697776155111113      -0.82969932394293777     
  -14.778493735430095      -0.80717580318982651     
  -14.857106536377984      -0.78612800947888661     
  -14.933749736003842      -0.76643199625857594     
  -15.008542820052828      -0.74793084048986069     
  -15.081587106318185      -0.73044286265356861     
  -15.152963964064332      -0.71376857746147260     
  -15.222733609822233      -0.69769645757901000     
  -15.290934373860734      -0.68200764038501083     
  -15.357582347255484      -0.66647973394750104     
  -15.422671336079082      -0.65088988823598692     
  -15.486173065619795      -0.63501729540712037     
  -15.548037592831768      -0.61864527211973552     
  -15.608193898806523      -0.60156305974753943     
  -15.666550644495915      -0.58356745689392953     
  -15.722997081909323      -0.56446437413408568     
  -15.777404119357652      -0.54407037448327611     
  -15.829625542922262      -0.52221423564610170     
  -15.879499397176833      -0.49873854254570754     
  -15.926849526369443      -0.47350129192610679     
  -15.971487272970890      -0.44637746601447637     
  -16.013213324016075      -0.41726051045183632     
  -16.051819687426693      -0.38606363410618760     
  -16.087091771034014      -0.35272083607322718     
  -16.118810526942944      -0.31718755908930985     
  -16.146754613883704      -0.27944086940759394     
  -16.170702521007957      -0.23947907124252280     
  -16.190434588915462      -0.19732067907505824     
  -16.205734858206242      -0.15300269290779689     
  -16.216392673111752      -0.10657814905508703     
  -16.222203968216565       -5.8112951048127526E-002
  -16.222972170254629       -7.6820203806222259E-003
  -16.218508654634171        4.4635156204591658E-002
  -16.208632707785227        9.8759468489425545E-002
  -16.193170961635246       0.15461746149980482     
  -16.171956285489642       0.21214676145602240     
  -16.144826143370796       0.27130142118845391     
  -16.111620451632817       0.33205691737978660     
  -16.072179002823137       0.39441448809678886     
  -16.026338558006081       0.45840444817057457     
  -15.973929752154282       0.52408805851799956     
  -15.914774007176353       0.59155744977929114     
  -15.848680706407439       0.66093300768914443     
  -15.775444954752185       0.73235751655254411     
  -15.694846331581985       0.80598623170199202     
  -15.606649139222078       0.88197192359906196     
  -15.510604756190315       0.96044383031762970     
  -15.406456814523484        1.0414794166683061     
  -15.293950020471813        1.1250679405167017     
  -15.172843502611920        1.2110651785989230     
  -15.042929561481280        1.2991394113064056     
  -14.904058553477936        1.3887100800334349     
  -14.756170296406223        1.4788825707171394     
  -14.599331755456763        1.5683854094945984     
  -14.433779793210041        1.6555196224672244     
  -14.259966437615121        1.7381335559492046     
  -14.078602540323240        1.8136389729188136     
  -13.890694131658066        1.8790840866517400     
  -13.697564680611071        1.9312945104699411     
  -13.500856415358243        1.9670826525282872     
  -13.302505374046207        1.9835104131203465     
  -13.104688128785529        1.9781724526067779     
  -12.909742759412564        1.9494536937296454     
  -12.720071596069051        1.8967116334351357     
  -12.538037069048984        1.8203452702006722     
  -12.365863448016004        1.7217362103298040     
  -12.205555820247309        1.6030762776869552     
  -12.058843844590994        1.4671197565631446     
  -11.927152873421203        1.3169097116979094     
  -11.811600389000153        1.1555248442104966     
  -11.713012404148886       0.98587984851268118     
  -11.631952928899553       0.81059475249332846     
  -11.568759615309505       0.63193313590047728     
  -11.523579745211713       0.45179870097792424     
  -11.496402253733056       0.27177491478657312     
  -11.487083047937039        9.3192057960155186E-002
  -11.495362238788251       -8.2791908512119858E-002
  -11.520872978709532      -0.25510739921281217     
  -11.563142420414845      -0.42269441705314043     
  -11.621585969769857      -0.58443549355012525     
  -11.695496581205791      -0.73910611435934181     
  -11.784031388897761      -0.88534807691969963     
  -11.886198472786019       -1.0216708388825801     
  -12.000846949856671       -1.1464847707065249     
  -12.126663721919744       -1.2581677206307340     
  -12.262179937155254       -1.3551621523550983     
  -12.405789399744814       -1.4360946258955987     
  -12.555779760092530       -1.4999036034771718     
  -12.710375474772924       -1.5459571468039404     
  -12.867789558965120       -1.5741408419219511     
  -13.026279502089348       -1.5848994312422864     
  -13.184201803113451       -1.5792230102410234     
  -13.340059661443465       -1.5585785833001433     
  -13.492539418457630       -1.5247975701416463     
  -13.640533101978546       -1.4799368352091631     
  -13.783146438501188       -1.4261333652264179     
  -13.919693518210211       -1.3654707970902316     
  -14.049680606902006       -1.2998708869179434     
  -14.172782268351174       -1.2310166144916768     
  -14.288813036334899       -1.1603076798372576     
  -14.397697513409984       -1.0888447707508475     
  -14.499441165297656       -1.0174365188767238     
  -14.594103396240259      -0.94662230942603653     
  -14.681773853328991      -0.87670457088733122     
  -14.762552383829986      -0.80778530500994905     
  -14.836532681926728      -0.73980298096743358     
  -14.903789403682703      -0.67256721755974025     
  -14.964368379724583      -0.60578976041879518     
  -15.018279487519242      -0.53911107794659419     
  -15.065491733923549      -0.47212246404307245     
  -15.105930123162052      -0.40438389238503275     
  -15.139473930183305      -0.33543807021252586     
  -15.165956054249328      -0.26482124066023194     
  -15.185163186757970      -0.19207132508641300     
  -15.196836588253765      -0.11673401495794775     
  -15.200673332533350       -3.8367442795858707E-002
  -15.196327942829283        4.3453897040674032E-002
  -15.183414419812841       0.12913523016442743     
  -15.161508748093720       0.21905671719121964     
  -15.130152071933045       0.31356676160673963     
  -15.088854856592622       0.41297215340422477     
  -15.037102502065309       0.51752354527312872     
  -14.974363050106911       0.62739451958397618     
  -14.900097815737603       0.74265234369308686     
  -14.813775961010286       0.86321854727316083     
  -14.714894173711466       0.98881787298821200     
  -14.603002652701372        1.1189152101009436     
  -14.477738438825858        1.2526421387551450     
  -14.338866638512787        1.3887180031307143     
  -14.186329124096092        1.5253751441669499     
  -14.020298747016509        1.6603037707958239     
  -13.841234962758969        1.7906378425753984     
  -13.649934256251882        1.9130070650708801     
  -13.447566417415233        2.0236783883664926     
  -13.235686437733870        2.1187997968136414     
  -13.016212634854742        2.1947380287912757     
  -12.791365347242243        2.2484728761250006     
  -12.563567102422672        2.2779824481957025     
  -12.335313217330272        2.2825388509240034     
  -12.109028932667572        2.2628428466269970     
  -11.886932859824954        2.2209607284261841     
  -11.670925272687883        2.1600758713707164     
  -11.462514042302722        2.0841123038516201     
  -11.262782889978190        1.9973115232453205     
  -11.072398804130472        1.9038408584771886     
  -10.891649978392374        1.8074882573809861     
  -10.720503262373622        1.7114671601875231     
  -10.558670482676360        1.6183277969726231     
  -10.405675077471281        1.5299540520507837     
  -10.260913223960728        1.4476185351055435     
  -10.123706239665138        1.3720698429558942     
  -9.9933430929280647        1.3036314673707357     
  -9.8691132541486333        1.2422983877943110     
  -9.7503309260163231        1.1878232813230949     
  -9.6363520516329402        1.1397887438338206     
  -9.5265855635018450        1.0976648813109517     
  -9.4205002276273184        1.0608533587452638     
  -9.3176282441821705        1.0287198344514756     
  -9.2175665464070509        1.0006169777511931     
  -9.1199765254242404       0.97590020982810910     
  -9.0245827168747272       0.95393808549512593     
  -8.9311708220214676       0.93411894853259958     
  -8.8395853019481585       0.91585520073309301     
  -8.7497266768578239       0.89858625090334066     
  -8.6615485805157189       0.88178096342105283     
  -8.5750545599192396       0.86494020596479504     
  -8.4902945700688726       0.84759989850367401     
  -8.4073610914590109       0.82933478609861799     
  -8.3263847920724778       0.80976299386533213     
  -8.2475296647046505       0.78855127367827904     
  -8.1709875925187294       0.76542072185921917     
  -8.0969723284638384       0.74015264054891639     
  -8.0257129145356263       0.71259413928211790     
  -7.9574466111614530       0.68266303374173720     
  -7.8924114511551346       0.65035160006318216     
  -7.8308385725263427       0.61572878628792149     
  -7.7729445161056256       0.57894056420717444     
  -7.7189236944001562       0.54020821705469468     
  -7.6689412454175629       0.49982448982593031     
  -7.6231264788337381       0.45814766583824873     
  -7.5815671026552138       0.41559376178524032     
  -7.5443043884461893       0.37262714209024400     
  -7.5113293951143980       0.32974993331791247     
  -7.4825803284705499       0.28749066643848020     
  -7.4579410695982764       0.24639258872273184     
  -7.4372408624683919       0.20700207129884868     
  -7.4202551126161884       0.16985749852203669     
  -7.4067072158305614       0.13547896785626945     
  -7.3962713097968340       0.10435906033726955     
  -7.3885758230629790        7.6954867338553196E-002
  -7.3832076847120414        5.3681383509373390E-002
  -7.3797170545692623        3.4906301427789416E-002
  -7.3776224372794488        2.0946172898138535E-002
  -7.3764160536116323        1.2063836678162895E-002
  -7.3755693581667190        8.4669544491339094E-003
  -7.3745386133757425        1.0307447909763331E-002
  -7.3727704541700154        1.7681592057267062E-002
  -7.3697074046503248        3.0630495196907373E-002
  -7.3647933359403357        4.9140687099893221E-002
  -7.3574788814537868        7.3144544865488215E-002
  -7.3472268501594220       0.10252031294364924     
  -7.3335176981004437       0.13709152058978408     
  -7.3158551313399984       0.17662566760445172     
  -7.2937719175254587       0.22083213814539893     
  -7.2668359762359467       0.26935941289511989     
  -7.2346567981025034       0.32179178133443659     
  -7.1968922074957016       0.37764590606801629     
  -7.1532554320145794       0.43636775481122136     
  -7.1035223737446351       0.49733058269944663     
  -7.0475388936276158       0.55983480117019724     
  -6.9852278251609183       0.62311068466697195     
  -6.9165953342313529       0.68632490929565193     
  -6.8417361493465547       0.74859184884798391     
  -6.7608371159454048       0.80899033401149512     
  -6.6741784978047010       0.86658618140704247     
  -6.5821324762101581       0.92046021594543304     
  -6.4851583985161270       0.96974077694031258     
  -6.3837945087788821        1.0136388973724451     
  -6.2786461483010294        1.0514836047785292     
  -6.1703707214975267        1.0827542680350297     
  -6.0596600457180356        1.1071067577949076     
  -5.9472209956078252        1.1243905011021060     
  -5.8337555650840729        1.1346543052375220     
  -5.7199415644813909        1.1381400060268199     
  -5.6064151275635279        1.1352643691786324     
  -5.4937560280767759        1.1265909948675159     
  -5.3824765269669221        1.1127950110985338     
  -5.2730141344053845        1.0946239256153731     
  -5.1657283263424141        1.0728580806297077     
  -5.0609009493726544        1.0482737696975974     
  -4.9587398130603733        1.0216113631228148     
  -4.8593848214853832       0.99354991574989782     
  -4.7629159354825452       0.96468886002838339     
  -4.6693622714812300       0.93553664001315540     
  -4.5787117126651466       0.90650558816083648     
  -4.4909205120916207       0.87791200573526174     
  -4.4059224860152444       0.84998026076376210     
  -4.3236375135986282       0.82284972416616398     
  -4.2439791659316199       0.79658347667008056     
  -4.1668613768373932       0.77117789094226419     
  -4.0922041380306071       0.74657238806786119     
  -4.0199382521610785       0.72265885869528390     
  -3.9500092111195202       0.69929041041558138     
  -3.8823802865241213       0.67628924595398887     
  -3.8170349276193334       0.65345358904788020     
  -3.7539785618468335       0.63056365772499745     
  -3.6932398877095540       0.60738674137279525     
  -3.6348717404456443       0.58368147263909864     
  -3.5789516002411244       0.55920140204520163     
  -3.5255818016294476       0.53369798611676589     
  -3.4748894924051266       0.50692309224321086     
  -3.4270263815795792       0.47863110825547306     
  -3.3821683091466621       0.44858072432917018     
  -3.3405146660041294       0.41653643142532759     
  -3.3022876904012195       0.38226975602910024     
  -3.2677316676707817       0.34556022730437980     
  -3.2371120624901368       0.30619605180644988     
  -3.2107146170409884       0.26397445449148382     
  -3.1888444535490108       0.21870163491977679     
  -3.1718252249120145       0.17019228636996359     
  -3.1599983613809086       0.11826863531105798     
  -3.1537224632038088        6.2758981770998618E-002
  -3.1533728871685840        3.4957603522481201E-003
  -3.1593415671500678       -5.9686799814835392E-002
  -3.1720370927682775      -0.12695525618209852     
  -3.1918850433118586      -0.19847950543581122     
  -3.2193285328420482      -0.27443489530189591     
  -3.2548288629104047      -0.35500330068356362     
  -3.2988660970286885      -0.44037234118283747     
  -3.3519392609320380      -0.53073163903349552     
  -3.4145657299291723      -0.62626468997134177     
  -3.4872791857528274      -0.72713455823655238     
  -3.5706253105061476      -0.83346124753320028     
  -3.6651541423923075      -0.94528831886159725     
  -3.7714077686440954       -1.0625362625178787     
  -3.8899018198917590       -1.1849405124766363     
  -4.0210991351648264       -1.3119731527306739     
  -4.1653741095684547       -1.4427497440362793     
  -4.3229667854789229       -1.5759267591046835     
  -4.4939268998686099       -1.7096011438968719     
  -4.6780500258206796       -1.8412312595206952     
  -4.8748106803907900       -1.9676065457011045     
  -5.0833005520469277       -2.0848987165613750     
  -5.3021831096729244       -2.1888255762599673     
  -5.5296775763317081       -2.2749446665878397     
  -5.7635841268652266       -2.3390655053351890     
  -6.0013571385135887       -2.3777301164836220     
  -6.2402245812352657       -2.3886744272167726     
  -6.4773411748066838       -2.3711659357141799     
  -6.7099541786182622       -2.3261300381157817     
  -6.9355569983099832       -2.2560281969172071     
  -7.1520087474109353       -2.1645174910095188     
  -7.3576063199757931       -2.0559757256485760     
  -7.5511061752352342       -1.9349985525944120     
  -7.7317023420912037       -1.8059616685596900     
  -7.8989728230227003       -1.6727048093149683     
  -8.0528081628238883       -1.5383533980118795     
  -8.1933344018719954       -1.4052623904810733     
  -8.3208394493481102       -1.2750504747611475     
  -8.4357084088190675       -1.1486895947095650     
  -8.5383703913076374       -1.0266198248857010     
  -8.6292571915985583      -0.90886800290920100     
  -8.7087728784072418      -0.79515686808682751     
  -8.7772726906992347      -0.68499812291993034     
  -8.8350494329056950      -0.57776742206460274     
  -8.8823256381366207      -0.47276205230926011     
  -8.9192499860900298      -0.36924347953409264     
  -8.9458967343854496      -0.26646748295419004     
  -8.9622671996476395      -0.16370465262189027     
  -8.9682925853674345       -6.0253857197943947E-002
  -8.9638376915618121        4.4548938056222308E-002
  -8.9487052602807413       0.15132431281071557     
  -8.9226409195339507       0.26064340746790682     
  -8.8853388961702695       0.37302023363680353     
  -8.8364488844659359       0.48890011704334035     
  -8.7755846867160123       0.60864197749924454     
  -8.7023354826867827       0.73249204029229220     
  -8.6162808216399522       0.86054661046830128     
  -8.5170106295506649       0.99270192089287068     
  -8.4041516228076691        1.1285900674299618     
  -8.2774014197184442        1.2675020308922462     
  -8.1365712057682593        1.4083021395018440     
  -7.9816368755286939        1.5493433023956529     
  -7.8127969973792730        1.6883987814942056     
  -7.6305336809416549        1.8226331643761833     
  -7.4356696516738925        1.9486402926776192     
  -7.2294120927456911        2.0625755892820177     
  -7.0133720545516587        2.1604003819403221     
  -6.7895486656854587        2.2382338886620001     
  -6.5602710073101900        2.2927765837526870     
  -6.3280974475690979        2.3217355974109166     
  -6.0956811544503928        2.3241629311870535     
  -5.8656187664310009        2.3006238801939194     
  -5.6403038138990693        2.2531495253193121     
  -5.4218055966254752        2.1849821727359435     
  -5.2117881363293090        2.1001746029616575     
  -5.0114748415596466        2.0031329476966251     
  -4.8216557190546965        1.8981912250495012     
  -4.6427277458714835        1.7892797318321327     
  -4.4747563198940963        1.6797142597738761     
  -4.3175461049433528        1.5721021495074312     
  -4.1707119212623018        1.4683418368105088     
  -4.0337433800527940        1.3696854120950781     
  -3.9060598341260522        1.2768354592674171     
  -3.7870544595239775        1.1900537460207474     
  -3.6761277834816388        1.1092667604233868     
  -3.5727118215445550        1.0341596193708393     
  -3.4762863488211888       0.96425472723366312     
  -3.3863888775076547       0.89897471313534083     
  -3.3026197827861972       0.83769094721457726     
  -3.2246438089487457       0.77975973837451529     
  -3.1521889580005014       0.72454850948244254     
  -3.0850435479083171       0.67145410092184232     
  -3.0230520428498622       0.61991505058455043     
  -2.9661101080552719       0.56941934794590454     
  -2.9141592257993461       0.51950882255925968     
  -2.8671811225623194       0.46978103237026747     
  -2.8251921950358554       0.41988927526463843     
  -2.7882380791733494       0.36954115862505749     
  -2.7563884769958298       0.31849602177519515     
  -2.7297323361593686       0.26656140836461067     
  -2.7083734638751626       0.21358872284206049     
  -2.6924266468442730       0.15946817030889843     
  -2.6820143402423056       0.10412306601967412     
  -2.6772639798226545        4.7503604196511062E-002
  -2.6783059607088417       -1.0419808861872354E-002
  -2.6852723135803358       -6.9663528714939082E-002
  -2.6982960931383246      -0.13023779557988827     
  -2.7175114745303226      -0.19215381391997904     
  -2.7430545304116696      -0.25543055881346999     
  -2.7750646340462914      -0.32010103634621656     
  -2.8136864016299352      -0.38621767583643940     
  -2.8590720489053894      -0.45385647275454211     
  -2.9113839918312490      -0.52311942925859578     
  -2.9707974669074546      -0.59413475076205846     
  -3.0375028818363785      -0.66705414928923890     
  -3.1117075296080481      -0.74204647771669652     
  -3.1936362075218225      -0.81928677913774317     
  -3.2835301773536947      -0.89893969831872034     
  -3.3816437873087564      -0.98113609955061909     
  -3.4882379596497750       -1.0659417234101856     
  -3.6035696480033419       -1.1533168835356680     
  -3.7278763163368369       -1.2430666833349491     
  -3.8613545354301682       -1.3347821909333106     
  -4.0041319992285551       -1.4277746379838658     
  -4.1562327151878957       -1.5210071595934100     
  -4.3175359036415424       -1.6130318845364671     
  -4.4877303066554761       -1.7019440301393400     
  -4.6662671336825587       -1.7853682702708302     
  -4.8523165949685234       -1.8604946128596442     
  -5.0447345352090061       -1.9241794024048222     
  -5.2420465282478617       -1.9731199303885545     
  -5.4424562952307305       -2.0040976698286852     
  -5.6438829901533678       -2.0142669492263710     
  -5.8440277619116809       -2.0014477175831278     
  -6.0404647615637304       -1.9643699965204946     
  -6.2307467740590505       -1.9028201249532040     
  -6.4125124734403514       -1.8176569938130118     
  -6.5835820210907654       -1.7106954765041373     
  -6.7420304482806337       -1.5844842718986845     
  -6.8862330462830625       -1.4420259800242849     
  -7.0148823058926180       -1.2864925960955524     
  -7.1269803696578551       -1.1209806376523699     
  -7.2218136448727641      -0.94833275214909385     
  -7.2989170559884284      -0.77103411115664178     
  -7.3580348028749709      -0.59117746886542522     
  -7.3990830580310520      -0.41048255156080932     
  -7.4221183491389819      -0.23035291107930128     
  -7.4273138127106719       -5.1954635716898789E-002
  -7.4149442435874473       0.12369569123224275     
  -7.3853799197485577       0.29564323838889706     
  -7.3390884774959444       0.46291442252613596     
  -7.2766435424465419       0.62444935049402439     
  -7.1987382934283195       0.77905249018221989     
  -7.1062015994613157       0.92536693967003747     
  -7.0000138388861073        1.0618776057520851     
  -6.8813190727091111        1.1869476617699644     
  -6.7514300561619534        1.2988901654715772     
  -6.6118228212085137        1.3960723495344003     
  -6.4641184060301820        1.4770441517833215     
  -6.3100507901480585        1.5406761588212323     
  -6.1514220751057627        1.5862871504229621     
  -5.9900480851425053        1.6137398996325767     
  -5.8276993670725465        1.6234871806995910     
  -5.6660435714799489        1.6165579559259735     
  -5.5065951111152707        1.5944846036467850     
  -5.3506768316086051        1.5591827950666588     
  -5.1993965082998974        1.5128032330870751     
  -5.0536387935404452        1.4575771475945223     
  -4.9140712750387534        1.3956751850169222     
  -4.7811619136885675        1.3290936135018638     
  -4.6552044409502349        1.2595747273833249     
  -4.5363482510156841        1.1885618993455072     
  -4.4246297436083815        1.1171850740730271     
  -4.3200027468755380        1.0462699673284368     
  -4.2223663911027733       0.97636355772764960     
  -4.1315894844662306       0.90776906636543142     
  -4.0475309932496009       0.84058491216630182     
  -3.9700566302149909       0.77474363034609883     
  -3.8990518162067049       0.71004814008286077     
  -3.8344314270231741       0.64620389183531035     
  -3.7761467998585023       0.58284627164671865     
  -3.7241904787149736       0.51956321143528839     
  -3.6785991484219771       0.45591330292996646     
  -3.6394551586099237       0.39143989812053354     
  -3.6068869830497108       0.32568175560213081     
  -3.5810689025432278       0.25818080506482721     
  -3.5622201439309058       0.18848758612321953     
  -3.5506036540844050       0.11616489846500573     
  -3.5465246344032528        4.0790196811522891E-002
  -3.5503289053597382       -3.8042709564854928E-002
  -3.5624011080002265      -0.12072202640488092     
  -3.5831626751773893      -0.20761567177162848     
  -3.6130694143140292      -0.29906739136639687     
  -3.6526084303036348      -0.39539015989605741     
  -3.7022939771702905      -0.49685546866655900     
  -3.7626616581344559      -0.60367680964165205     
  -3.8342601985428826      -0.71598540408426703     
  -3.9176398066655933      -0.83379608122710913     
  -4.0133359408406717      -0.95696134175078795     
  -4.1218471682309916       -1.0851122739032015     
  -4.2436058125605856       -1.2175864432959362     
  -4.3789403646952199       -1.3533455213463463     
  -4.5280293219923102       -1.4908895729709073     
  -4.6908473861871887       -1.6281806419487799     
  -4.8671068834707176       -1.7625949728352897     
  -5.0561998082888939       -1.8909292481817632     
  -5.2571486705796167       -2.0094886229072255     
  -5.4685765850840697       -2.1142791450445304     
  -5.6887076755382502       -2.2013109045418044     
  -5.9154067421697150       -2.2669906663146477     
  -6.1462616909357077       -2.3085494876599291     
  -6.3787040887361091       -2.3244239780040106     
  -6.6101544682525013       -2.3145037951639180     
  -6.8381725859313010       -2.2801811767879956     
  -7.0605912030147415       -2.2241861708344066     
  -7.2756158147117986       -2.1502461169705729     
  -7.4818806310582922       -2.0626481634649316     
  -7.6784601760146067       -1.9657954495631462     
  -7.8648433321206852       -1.8638315610607801     
  -8.0408809093321914       -1.7603757721150606     
  -8.2067187179184060       -1.6583780858621429     
  -8.3627265643390434       -1.5600784642063688     
  -8.5094307957443309       -1.4670423140528674     
  -8.6474550393919305       -1.3802424364759938     
  -8.7774712584579344       -1.3001621906600462     
  -8.9001614277323036       -1.2269016927436982     
  -9.0161890115137258       -1.1602758378142164     
  -9.1261788632803125       -1.0998985176658596     
  -9.2307039915280154       -1.0452512824770364     
  -9.3302776967130701      -0.99573705185055217     
  -9.4253497665376980      -0.95072069824627248     
  -9.5163056450528174      -0.90955878515118627     
  -9.6034677200392746      -0.87162074986457694     
  -9.6870980792719354      -0.83630359232660900     
  -9.7674022597191499      -0.80304180447214824     
  -9.8445336526088365      -0.77131392889686090     
  -9.9185983338687507      -0.74064681259914744     
  -9.9896601677995651      -0.71061833930814122     
  -10.057746086555003      -0.68085918755437425     
  -10.122851483544524      -0.65105396989521225     
  -10.184945679311703      -0.62094195767177773     
  -10.243977427394684      -0.59031748082981461     
  -10.299880428335555      -0.55903000940870895     
  -10.352578815182412      -0.52698386846856859     
  -10.401992565982132      -0.49413750799721273     
  -10.448042790014965      -0.46050224032832815     
  -10.490656826644891      -0.42614036629926882     
  -10.529773090047380      -0.39116263402489193     
  -10.565345590722849      -0.35572500675469837     
  -10.597348066190067      -0.32002475467217367     
  -10.625777658751513      -0.28429592561446637     
  -10.650658087529232      -0.24880428777718938     
  -10.672042274560157      -0.21384187030924762     
  -10.690014399841038      -0.17972125280881274     
  -10.704691376885394      -0.14676977044355938     
  -10.716223757577078      -0.11532380691684116     
  -10.724796091851747       -8.5723342746690218E-002
  -10.730626783045803       -5.8306911940555789E-002
  -10.733967492773957       -3.3407097281537179E-002
  -10.735102159235201       -1.1346664612444490E-002
  -10.734345699382317        7.5645985288388951E-003
  -10.732042468089181        2.3032312931348192E-002
  -10.728564546168007        3.4779219211738197E-002
  -10.724309923857982        4.2546223100245931E-002
  -10.719700637417683        4.6092864402987856E-002
  -10.715180904022668        4.5197333950137815E-002
  -10.711215284699804        3.9656193228642306E-002
  -10.708286886962989        2.9283977368146315E-002
  -10.706895598581673        1.3912883813178303E-002
  -10.707556321886070       -6.6072330439676669E-003
  -10.710797154470676       -3.2408325846060515E-002
  -10.717157437274846       -6.3602828041698187E-002
  -10.727185564890929      -0.10028127616083896     
  -10.741436425669947      -0.14250860779018901     
  -10.760468311003949      -0.19031885334002505     
  -10.784839104695614      -0.24370793691664014     
  -10.815101535956581      -0.30262431260966066     
  -10.851797255904380      -0.36695719947798722     
  -10.895449481859385      -0.43652225955004975     
  -10.946553953133474      -0.51104471274089314     
  -11.005567966217917      -0.59014013084444028     
  -11.072897319422223      -0.67329353204305753     
  -11.148881112896413      -0.75983793474190853     
  -11.233774536229708      -0.84893423333295581     
  -11.327730046056439      -0.93955509826731565     
  -11.430777694464489       -1.0304764840804923     
  -11.542805801388495       -1.1202810692400567     
  -11.663543628454269       -1.2073782706577378     
  -11.792548130471483       -1.2900450201721338     
  -11.929197121845741       -1.3664899137425863     
  -12.072691166811191       -1.4349404496545044     
  -12.222066066199558       -1.4937489938836559     
  -12.376216912353051       -1.5415084615349430     
  -12.533933370229917       -1.5771645787686641     
  -12.693944303995833       -1.6001093376591589     
  -12.854968405423710       -1.6102410142787633     
  -13.015766433396811       -1.6079802797310161     
  -13.175190314154861       -1.5942388075804927     
  -13.332224784872635       -1.5703447071777275     
  -13.486018386629693       -1.5379360175705872     
  -13.635902153513744       -1.4988376688405025     
  -13.781395953840446       -1.4549380032670196     
  -13.922203803944118       -1.4080785010367138     
  -14.058200396485631       -1.3599659254151377     
  -14.189411506228897       -1.3121110974326520     
  -14.315990916422068       -1.2657941019317172     
  -14.438196175406713       -1.2220525898464536     
  -14.556364989430344       -1.1816881402363186     
  -14.670893507472924       -1.1452851804257944     
  -14.782217243641668       -1.1132373616874396     
  -14.890794959955093       -1.0857771631342563     
  -14.997095513376753       -1.0630055342166020     
  -15.101587451187243       -1.0449193781049009     
  -15.204731002540340       -1.0314355135309674     
  -15.306972041879146       -1.0224103933880468     
  -15.408737573098227       -1.0176553121908116     
  -15.510432286345345       -1.0169471324711845     
  -15.612435760533025       -1.0200347418767990     
  -15.715099916282679       -1.0266415574965326     
  -15.818746361969767       -1.0364644568708903     
  -15.923663318550593       -1.0491695658082709     
  -16.030101858094053       -1.0643853954345868     
  -16.138271249411233       -1.0816939131718053     
  -16.248333276084704       -1.1006202667347309     
  -16.360395482201014       -1.1206220611631106     
  -16.474503413227300       -1.1410793102628667     
  -16.590632055766854       -1.1612864253955306     
  -16.708676838613638       -1.1804478284678539     
  -16.828444731111375       -1.1976789249773803     
  -16.949646148398326       -1.2120141728695228     
  -17.071888523602386       -1.2224237520406029     
  -17.194672504269228       -1.2278398066684368     
  -17.317391740740874       -1.2271923647164731     
  -17.439337127733694       -1.2194538699281865     
  -17.559706119321547       -1.2036899158785128     
  -17.677617365970132       -1.1791124664858705     
  -17.792130452238300       -1.1451308626816663     
  -17.902270005033362       -1.1013955279506196     
  -18.007052973493629       -1.0478296846026836     
  -18.105517533454780      -0.98464559961150955     
  -18.196751904851734      -0.91234371396954150     
  -18.279921417146273      -0.83169512294539005     
  -18.354292401096526      -0.74370983950253988     
  -18.419251871872500      -0.64959470775974648     
  -18.474322422469463      -0.55070550596961021     
  -18.519172188120859      -0.44849765651396373     
  -18.553620107400562      -0.34447919279702033     
  -18.577636955601925      -0.24016848201364027     
  -18.591342751465170      -0.13705795863244619     
  -18.595001154620320       -3.6584031551506191E-002
  -18.589011409395848        5.9897452244725313E-002
  -18.573898288506491       0.15113120889355258     
  -18.550300383395584       0.23597905110907169     
  -18.518957004901136       0.31343378494446428     
  -18.480693915783689       0.38263089117445626     
  -18.436408120826819       0.44285794956868962     
  -18.387051984710254       0.49356136116563348     
  -18.333617017588661       0.53434967121593002     
  -18.277117742630526       0.56499274958135226     
  -18.218576116779058       0.58541625851467383     
  -18.159006997029870       0.59569119749187616     
  -18.099405117919087       0.59601879110782474     
  -18.040733969214536       0.58671148704550780     
  -17.983916842847243       0.56817126367293369     
  -17.929830169149454       0.54086673697789578     
  -17.879299102751972       0.50531066397484137     
  -17.833095166498204       0.46203936253768113     
  -17.791935632753447       0.41159533744757582     
  -17.756484225526545       0.35451407226902520     
  -17.727352667938685       0.29131557587859336     
  -17.705102576593958       0.22250091344725678     
  -17.690247212527296       0.14855364066663290     
  -17.683252631199739        6.9945813275579360E-002
  -17.684537825346546       -1.2851941468057338E-002
  -17.694473520053659       -9.9356947071141621E-002
  -17.713379357731956      -0.18905837678297480     
