           1   0.00000000    
           2   0.00000000    
           3  0.505878568    
           4   1.23113370    
           5   1.40085936    
           6   1.47638071    
           7   1.56414664    
           8   1.70401335    
           9   1.77680743    
          10   1.84330857    
          11   1.92643774    
          12   2.07776093    
          13   2.03820276    
          14   2.19409394    
          15   2.20422888    
          16   2.23214126    
          17   2.30932689    
          18   2.40809393    
          19   2.52156854    
          20   2.58653736    
          21   2.60654736    
          22   2.63580036    
          23   2.72322798    
          24   2.77825499    
          25   2.82854295    
          26   2.92345405    
          27   2.93864751    
          28   2.99575090    
          29   3.05606699    
          30   3.02375507    
          31   3.10319257    
          32   3.06744432    
          33   3.25342894    
          34   3.19163299    
          35   3.32219720    
          36   3.30904007    
          37   3.32982612    
          38   3.29986215    
          39   3.30039215    
          40   3.40017772    
          41   3.44200706    
          42   3.46945000    
          43   3.52012467    
          44   3.51382995    
          45   3.58148170    
          46   3.61428761    
          47   3.56289291    
          48   3.60432005    
          49   3.78199553    
          50   3.68688250    
          51   3.67659020    
          52   3.70102453    
          53   3.78192639    
          54   3.73127532    
          55   3.78185678    
          56   3.75132942    
          57   3.97306824    
          58   3.88210273    
          59   3.86604691    
          60   3.94410467    
          61   4.02641439    
          62   3.94782495    
          63   4.00960398    
          64   4.06506062    
          65   4.00565958    
          66   4.03637981    
          67   4.02212477    
          68   4.09979534    
          69   4.18392897    
          70   4.10232067    
          71   4.06879139    
          72   4.14410877    
          73   4.17254066    
          74   4.18744087    
          75   4.08616257    
          76   4.09199810    
          77   4.16950464    
          78   4.21978521    
          79   4.24730349    
          80   4.25754881    
          81   4.32929611    
          82   4.30025959    
          83   4.20995331    
          84   4.22171831    
          85   4.42116451    
          86   4.27520704    
          87   4.37297344    
          88   4.32046604    
          89   4.29620075    
          90   4.34104347    
          91   4.32023144    
          92   4.35266161    
          93   4.39568806    
          94   4.42936993    
          95   4.45791101    
          96   4.55122232    
          97   4.49452353    
          98   4.56089687    
          99   4.60945082    
         100   4.50019121    
         101   4.53007030    
         102   4.58856916    
         103   4.62974215    
         104   4.65254498    
         105   4.65028811    
         106   4.73116255    
         107   4.60988665    
         108   4.62392998    
         109   4.59442186    
         110   4.68729019    
         111   4.70254564    
         112   4.68105650    
         113   4.70093775    
         114   4.76062870    
         115   4.73195553    
         116   4.78625917    
         117   4.83713388    
         118   4.75215483    
         119   4.76110363    
         120   4.76867342    
         121   4.73060942    
         122   4.78856993    
         123   4.69377041    
         124   4.76445198    
         125   4.82706261    
         126   4.81749582    
         127   4.89764500    
         128   4.91343784    
         129   4.89121342    
         130   4.88611698    
         131   4.83400011    
         132   4.83396626    
         133   4.94017076    
         134   5.00460386    
         135   5.00298595    
         136   4.94152880    
         137   5.05388546    
         138   5.00346422    
         139   5.03964567    
         140   5.01124668    
         141   5.04158163    
         142   4.95419216    
         143   4.99218035    
         144   4.98401165    
         145   5.17514706    
         146   5.05763102    
         147   4.98770714    
         148   5.02046967    
         149   5.07109928    
         150   5.07634830    
         151   5.11335087    
         152   5.13449049    
         153   5.03207254    
         154   5.09967613    
         155   5.07586050    
         156   5.08929157    
         157   5.08884096    
         158   5.18111086    
         159   5.01213026    
         160   5.21595526    
         161   5.17106390    
         162   5.14294434    
         163   5.13978577    
         164   5.19185686    
         165   5.26908541    
         166   5.20292664    
         167   5.15817738    
         168   5.27196693    
         169   5.26707077    
         170   5.28644514    
         171   5.41945601    
         172   5.37235451    
         173   5.31620836    
         174   5.35925913    
         175   5.31884480    
         176   5.25592184    
         177   5.42853022    
         178   5.51773071    
         179   5.38090038    
         180   5.30710745    
         181   5.40991592    
         182   5.30272341    
         183   5.39436293    
         184   5.34863663    
         185   5.40579462    
         186   5.32490778    
         187   5.36937904    
         188   5.30225039    
         189   5.49746990    
         190   5.35664654    
         191   5.31851721    
         192   5.38948679    
         193   5.37341404    
         194   5.34245014    
         195   5.43365145    
         196   5.33547449    
         197   5.46384001    
         198   5.52049351    
         199   5.58317232    
         200   5.57334566    
         201   5.43141031    
         202   5.45620680    
         203   5.44786882    
         204   5.48405743    
         205   5.55147457    
         206   5.53589201    
         207   5.61157322    
         208   5.54614782    
         209   5.57034159    
         210   5.53683853    
         211   5.62868404    
         212   5.53099871    
         213   5.58692598    
         214   5.71819258    
         215   5.48129702    
         216   5.60567999    
         217   5.70473289    
         218   5.60827398    
         219   5.72167826    
         220   5.60064983    
         221   5.54769325    
         222   5.54896736    
         223   5.64407778    
         224   5.63823748    
         225   5.70801640    
         226   5.57655287    
         227   5.53087950    
         228   5.45180655    
         229   5.58978128    
         230   5.67215347    
         231   5.68020964    
         232   5.74394512    
         233   5.74357033    
         234   5.66076803    
         235   5.67249966    
         236   5.68901300    
         237   5.71940327    
         238   5.68643761    
         239   5.69840670    
         240   5.69526958    
         241   5.67037153    
         242   5.78628349    
         243   5.85494804    
         244   5.74838400    
         245   5.76258612    
         246   5.77908421    
         247   5.63895130    
         248   5.71234512    
         249   5.69684887    
         250   5.67441797    
         251   5.69383574    
         252   5.65813017    
         253   5.78734350    
         254   5.73902225    
         255   5.75784349    
         256   5.68014383    
         257   5.76733780    
         258   5.83674431    
         259   5.72976017    
         260   5.73770666    
         261   5.69707155    
         262   5.67835808    
         263   5.88031912    
         264   5.90494347    
         265   5.91607332    
         266   5.93363094    
         267   5.87480164    
         268   6.00509214    
         269   6.00183773    
         270   5.98768330    
         271   5.79439068    
         272   5.75204992    
         273   5.84520960    
         274   5.92730713    
         275   5.84172916    
         276   5.90477753    
         277   5.88128376    
         278   5.85515308    
         279   5.91640377    
         280   5.88999271    
         281   5.88421822    
         282   5.91581678    
         283   5.89532709    
         284   5.85685492    
         285   5.87369299    
         286   5.99623394    
         287   5.91183662    
         288   5.89798832    
         289   5.85904360    
         290   5.98724461    
         291   5.96975088    
         292   5.98563910    
         293   6.02815580    
         294   6.07059288    
         295   6.08918524    
         296   6.06355906    
         297   5.79033470    
         298   6.00010204    
         299   6.08537531    
         300   5.95909166    
         301   6.04643726    
         302   6.08463860    
         303   6.07362413    
         304   5.94759464    
         305   6.03121376    
         306   5.96439743    
         307   6.00828981    
         308   5.89228725    
         309   6.02725363    
         310   6.01631784    
         311   6.09290838    
         312   6.01176596    
         313   5.95568657    
         314   6.00372458    
         315   5.98576450    
         316   6.05376959    
         317   6.13361883    
         318   6.20763731    
         319   6.11025858    
         320   6.03059530    
         321   6.05253696    
         322   6.11936378    
         323   6.07389212    
         324   6.08309555    
         325   6.00133801    
         326   6.06506729    
         327   6.13313150    
         328   6.06664705    
         329   6.20504379    
         330   6.18487120    
         331   6.06442881    
         332   6.10251570    
         333   6.12243032    
         334   6.04841614    
         335   6.11785555    
         336   6.10496998    
         337   6.05878782    
         338   6.21145773    
         339   6.09003735    
         340   6.16644049    
         341   6.20964956    
         342   6.16967106    
         343   6.04345512    
         344   6.09124804    
         345   6.22076511    
         346   6.16474676    
         347   6.10706520    
         348   6.08615828    
         349   5.99753809    
         350   5.98906231    
         351   6.19616413    
         352   6.14943409    
         353   6.16722059    
         354   6.16124821    
         355   6.18336773    
         356   6.25990438    
         357   6.18357038    
         358   6.29960871    
         359   6.23273087    
         360   6.21514416    
         361   6.17665863    
         362   6.14973640    
         363   6.23523998    
         364   6.29007196    
         365   6.22438622    
         366   6.18052244    
         367   6.28228951    
         368   6.26075125    
         369   6.17550659    
         370   6.28503132    
         371   6.19428587    
         372   6.15559292    
         373   6.32100821    
         374   6.21872425    
         375   6.33519506    
         376   6.22365713    
         377   6.19110870    
         378   6.15972662    
         379   6.46612978    
         380   6.31396818    
         381   6.27267218    
         382   6.32438326    
         383   6.35673809    
         384   6.32961655    
         385   6.41517019    
         386   6.32054234    
         387   6.35209417    
         388   6.21758795    
         389   6.28922462    
         390   6.27656555    
         391   6.39168692    
         392   6.33342600    
         393   6.41380453    
         394   6.31806803    
         395   6.40846825    
         396   6.35479641    
         397   6.43222189    
         398   6.30337477    
         399   6.29797029    
         400   6.37898922    
         401   6.35692120    
         402   6.42924118    
         403   6.34927034    
         404   6.34685707    
         405   6.38571405    
         406   6.30166340    
         407   6.51003551    
         408   6.36547279    
         409   6.46601295    
         410   6.32474899    
         411   6.46585321    
         412   6.29888630    
         413   6.53841496    
         414   6.59522200    
         415   6.39349842    
         416   6.28043509    
         417   6.47590923    
         418   6.38549089    
         419   6.41161633    
         420   6.56925774    
         421   6.43645191    
         422   6.50173140    
         423   6.29789209    
         424   6.37168884    
         425   6.55718517    
         426   6.49938583    
         427   6.57924461    
         428   6.50139570    
         429   6.55317974    
         430   6.49541378    
         431   6.39673328    
         432   6.50735950    
         433   6.36655521    
         434   6.55359983    
         435   6.59637070    
         436   6.55571032    
         437   6.48304510    
         438   6.58326578    
         439   6.60788774    
         440   6.50763512    
         441   6.70411301    
         442   6.40992022    
         443   6.49344444    
         444   6.45126295    
         445   6.40130663    
         446   6.61394215    
         447   6.53648329    
         448   6.51953506    
         449   6.60381651    
         450   6.45006561    
         451   6.50222301    
         452   6.49786663    
         453   6.56098604    
         454   6.36714888    
         455   6.32351065    
         456   6.45110512    
         457   6.58611155    
         458   6.55030823    
         459   6.60210896    
         460   6.45464325    
         461   6.55550909    
         462   6.51440287    
         463   6.70125961    
         464   6.58933830    
         465   6.67967367    
         466   6.59863424    
         467   6.58003664    
         468   6.51163960    
         469   6.78966713    
         470   6.58028364    
         471   6.58648396    
         472   6.56818485    
         473   6.64999819    
         474   6.80492830    
         475   6.57540846    
         476   6.61216450    
         477   6.50784731    
         478   6.60872078    
         479   6.64362240    
         480   6.58652782    
         481   6.57507944    
         482   6.69141293    
         483   6.58217430    
         484   6.62904453    
         485   6.71310997    
         486   6.55407429    
         487   6.79716921    
         488   6.69945621    
         489   6.73798370    
         490   6.68501568    
         491   6.66257143    
         492   6.58273506    
         493   6.60015106    
         494   6.61642218    
         495   6.60066748    
         496   6.70096493    
         497   6.89270020    
         498   6.66126156    
         499   6.74209499    
         500   6.69864988    
         501   6.67665529    
         502   6.67582369    
         503   6.60464907    
         504   6.66389179    
         505   6.61499453    
         506   6.61659288    
         507   6.64610291    
         508   6.72907114    
         509   6.64756298    
         510   6.70673895    
         511   6.73250246    
         512   6.64539719    
         513   6.66068649    
         514   6.60703945    
         515   6.59478712    
         516   6.63840294    
         517   6.82773209    
         518   6.77603054    
         519   6.69048023    
         520   6.74347258    
         521   6.72096586    
         522   6.62195683    
         523   6.65421438    
         524   6.65393877    
         525   6.71050978    
         526   6.71788073    
         527   6.70245504    
         528   6.82853556    
         529   6.66271353    
         530   6.51115704    
         531   6.62846947    
         532   6.68963480    
         533   6.67943668    
         534   6.68584824    
         535   6.72618294    
         536   6.63766479    
         537   6.69558144    
         538   6.67812014    
         539   6.69350338    
         540   6.78453779    
         541   6.75744343    
         542   6.68878841    
         543   6.86399221    
         544   6.79010677    
         545   6.86534548    
         546   6.92188406    
         547   6.69116020    
         548   6.63636160    
         549   6.67462063    
         550   6.68223906    
         551   6.77227306    
         552   6.65568924    
         553   6.87882805    
         554   6.66019583    
         555   6.85663652    
         556   6.54851198    
         557   6.68431902    
         558   6.73495913    
         559   6.81630707    
         560   6.83895016    
         561   6.78468132    
         562   6.71276855    
         563   6.82098484    
         564   6.86015606    
         565   6.72796202    
         566   6.78921986    
         567   6.77719879    
         568   6.88694239    
         569   6.73660946    
         570   6.73207951    
         571   6.93508244    
         572   6.95121527    
         573   6.76834965    
         574   6.95412064    
         575   6.92603111    
         576   6.84287167    
         577   6.91091156    
         578   6.93080330    
         579   6.88078737    
         580   6.87869549    
         581   7.01115513    
         582   7.16876745    
         583   6.87298918    
         584   6.88349152    
         585   6.96043205    
         586   6.79186964    
         587   6.86224318    
         588   7.04732418    
         589   6.82764769    
         590   6.80517340    
         591   6.85903835    
         592   6.80269861    
         593   6.75817966    
         594   6.80685806    
         595   6.79073429    
         596   6.89466047    
         597   7.08249426    
         598   7.02112389    
         599   6.76955223    
         600   6.91640377    
         601   6.86720848    
         602   6.77333546    
         603   6.88467741    
         604   7.01309156    
         605   6.89263248    
         606   6.78945351    
         607   6.86487961    
         608   6.99525404    
         609   6.83068419    
         610   6.88683653    
         611   6.86195374    
         612   6.86287594    
         613   7.02287388    
         614   6.99580097    
         615   6.90293121    
         616   6.82309389    
         617   7.05193472    
         618   7.00696182    
         619   6.88531733    
         620   6.83923960    
         621   6.90865135    
         622   6.90899229    
         623   6.81486177    
         624   6.84063435    
         625   6.92964983    
         626   6.88658476    
         627   6.86093283    
         628   6.90465450    
         629   7.06245661    
         630   6.95733929    
         631   6.91726017    
         632   6.88708878    
         633   6.90718651    
         634   6.86388969    
         635   7.00143814    
         636   7.15175676    
         637   7.14498901    
         638   7.15522242    
         639   6.96207952    
         640   7.03700781    
         641   6.94742393    
         642   6.99940491    
         643   7.13756418    
         644   7.07285261    
         645   6.89251757    
         646   7.05811596    
         647   6.95101976    
         648   7.05164385    
         649   7.17443323    
         650   6.86365652    
         651   6.95410490    
         652   7.08952093    
         653   7.03373098    
         654   7.13410473    
         655   6.99174976    
         656   6.96450949    
         657   7.01116705    
         658   6.97799730    
         659   7.05069637    
         660   7.28792191    
         661   7.12902021    
         662   7.09499931    
         663   6.99346066    
         664   6.87960243    
         665   7.11308527    
         666   6.98226881    
         667   7.01259947    
         668   7.07067871    
         669   7.27737951    
         670   7.25920343    
         671   7.07337141    
         672   7.10977459    
         673   7.05130243    
         674   6.98425484    
         675   7.06117058    
         676   7.03529787    
         677   7.03042793    
         678   7.14017773    
         679   7.12182999    
         680   7.08698320    
         681   6.98529577    
         682   6.99291468    
         683   7.04838896    
         684   7.00280762    
         685   6.99816227    
         686   7.20514011    
         687   6.99942541    
         688   6.99255180    
         689   7.06651497    
         690   7.19617939    
         691   7.01727104    
         692   6.84187222    
         693   7.08516026    
         694   7.00024652    
         695   7.11983728    
         696   7.07830811    
         697   6.99882793    
         698   7.13628387    
         699   7.17832947    
         700   7.18359804    
         701   7.13160563    
         702   7.17095804    
         703   7.14121819    
         704   7.13733292    
         705   7.10654545    
         706   7.16683245    
         707   7.19459867    
         708   7.07879400    
         709   7.24512959    
         710   7.22038269    
         711   7.17835569    
         712   7.11924458    
         713   7.23178864    
         714   7.26217937    
         715   7.22970009    
         716   7.15940857    
         717   7.04451704    
         718   7.26851940    
         719   7.07963896    
         720   7.10001087    
         721   7.07855463    
         722   7.06658363    
         723   7.06878662    
         724   6.98316908    
         725   7.13080168    
         726   7.05545568    
         727   6.85226583    
         728   7.05040646    
         729   7.09662342    
         730   7.12734270    
         731   7.25581026    
         732   7.10408020    
         733   7.13554716    
         734   7.02859354    
         735   7.14397573    
         736   6.86564732    
         737   7.17363501    
         738   7.09528017    
         739   7.02614594    
         740   7.01339197    
         741   7.17366552    
         742   7.18398142    
         743   7.12686777    
         744   7.12432528    
         745   6.95331192    
         746   7.12723541    
         747   7.25769472    
         748   7.24530172    
         749   7.02809715    
         750   7.14994812    
         751   7.19794226    
         752   7.14589357    
         753   7.15932512    
         754   7.24459124    
         755   7.13979864    
         756   7.17018270    
         757   7.09660006    
         758   7.14541864    
         759   7.22134447    
         760   7.16386032    
         761   7.27153826    
         762   7.32694721    
         763   7.24411392    
         764   7.14025450    
         765   7.02252197    
         766   7.00302553    
         767   7.15200377    
         768   7.17467308    
         769   7.12352610    
         770   7.07604456    
         771   7.19362593    
         772   7.24228573    
         773   7.13164711    
         774   7.21185827    
         775   7.10709381    
         776   7.10420990    
         777   7.14355564    
         778   7.06304216    
         779   7.25844336    
         780   7.09996796    
         781   7.06592560    
         782   7.16130304    
         783   7.04846239    
         784   7.23166418    
         785   7.13487959    
         786   7.15769482    
         787   7.15574169    
         788   7.11849499    
         789   7.13563585    
         790   7.16290665    
         791   7.22316122    
         792   7.21844959    
         793   7.12542534    
         794   7.36663342    
         795   7.14913893    
         796   7.23728561    
         797   7.27045965    
         798   7.24444389    
         799   7.27442646    
         800   7.18883276    
         801   7.19399071    
         802   7.27630472    
         803   7.33357811    
         804   7.19765377    
         805   7.11404657    
         806   7.17237282    
         807   7.06829262    
         808   7.15728617    
         809   7.28588438    
         810   7.31551647    
         811   7.17070246    
         812   7.18218946    
         813   7.24153471    
         814   7.21482992    
         815   7.29291439    
         816   7.47920418    
         817   7.32447243    
         818   7.17879725    
         819   7.08032703    
         820   7.05354404    
         821   7.17352486    
         822   7.13238955    
         823   7.14297533    
         824   7.21433401    
         825   7.25885487    
         826   7.27558613    
         827   7.23326397    
         828   7.21401787    
         829   7.33479834    
         830   7.19031572    
         831   7.17713594    
         832   7.14478016    
         833   7.28191090    
         834   7.08593464    
         835   7.20673323    
         836   7.29439449    
         837   7.27589512    
         838   7.24324560    
         839   7.29810143    
         840   7.15158653    
         841   7.28306007    
         842   7.33503008    
         843   7.24413157    
         844   7.12854815    
         845   7.33123398    
         846   7.30545473    
         847   7.24293709    
         848   7.28988695    
         849   7.24307966    
         850   7.19445658    
         851   7.27073479    
         852   7.36281157    
         853   7.32425594    
         854   7.17467785    
         855   7.30702066    
         856   7.31879997    
         857   7.42338848    
         858   7.44658661    
         859   7.31839752    
         860   7.33929634    
         861   7.20702505    
         862   7.23861837    
         863   7.27558374    
         864   7.32680035    
         865   7.28468657    
         866   7.28970003    
         867   7.33963871    
         868   7.49311161    
         869   7.33166313    
         870   7.25049973    
         871   7.24842834    
         872   7.21672392    
         873   7.32541847    
         874   7.18598318    
         875   7.39632559    
         876   7.36261940    
         877   7.33757114    
         878   7.28082228    
         879   7.15438938    
         880   7.24114799    
         881   7.20489311    
         882   7.31618643    
         883   7.14558887    
         884   7.24172640    
         885   7.31896973    
         886   7.23032045    
         887   7.21411848    
         888   7.36519480    
         889   7.17848206    
         890   7.46434069    
         891   7.43139553    
         892   7.46598816    
         893   7.52067709    
         894   7.40609169    
         895   7.44556618    
         896   7.32894278    
         897   7.53544903    
         898   7.38996363    
         899   7.44231796    
         900   7.45161343    
         901   7.46942997    
         902   7.26093817    
         903   7.26426458    
         904   7.41209984    
         905   7.37888575    
         906   7.29798794    
         907   7.32815599    
         908   7.32490778    
         909   7.39651871    
         910   7.37863827    
         911   7.50484896    
         912   7.35312080    
         913   7.44225931    
         914   7.24213028    
         915   7.48133135    
         916   7.20735073    
         917   7.23833561    
         918   7.27616835    
         919   7.34489822    
         920   7.32424831    
         921   7.41747618    
         922   7.44494534    
         923   7.41485882    
         924   7.52657127    
         925   7.47217512    
         926   7.36588049    
         927   7.50316143    
         928   7.46154165    
         929   7.23861361    
         930   7.35736704    
         931   7.45703220    
         932   7.51319504    
         933   7.42993784    
         934   7.28162670    
         935   7.35842037    
         936   7.41027498    
         937   7.37527180    
         938   7.46770954    
         939   7.39754200    
         940   7.36611795    
         941   7.21266127    
         942   7.27659559    
         943   7.31105852    
         944   7.43203878    
         945   7.44839573    
         946   7.37942314    
         947   7.38743401    
         948   7.35693741    
         949   7.37965727    
         950   7.74091005    
         951   7.39591026    
         952   7.36622715    
         953   7.38740206    
         954   7.50150824    
         955   7.34154129    
         956   7.24598122    
         957   7.34885263    
         958   7.44718885    
         959   7.71841717    
         960   7.45419836    
         961   7.27676105    
         962   7.53051758    
         963   7.39689922    
         964   7.38586187    
         965   7.23697281    
         966   7.56816006    
         967   7.44835949    
         968   7.20495653    
         969   7.28114557    
         970   7.34857607    
         971   7.53606653    
         972   7.44683456    
         973   7.46671438    
         974   7.43882608    
         975   7.67671156    
         976   7.54021311    
         977   7.46666861    
         978   7.38473701    
         979   7.33186245    
         980   7.27942610    
         981   7.36160517    
         982   7.33283138    
         983   7.41053200    
         984   7.53735209    
         985   7.43172407    
         986   7.50514317    
         987   7.45423651    
         988   7.49309683    
         989   7.58820534    
         990   7.50894213    
         991   7.47006750    
         992   7.55041122    
         993   7.50642490    
         994   7.45212412    
         995   7.42010021    
         996   7.33553314    
         997   7.51852846    
         998   7.26556349    
         999   7.45324087    
        1000   7.33105803    
