         537          49
         684        -432
        -449         267
           6         338
        -725         237
         300         102
         730         614
        -596        -992
         677        -833
         268         192
         412         312
        -974         116
          67         175
         298         640
         953        -195
         800        -630
        1232          16
         442         828
         604       -1054
        -449         191
        -863        -323
        1364         966
       -1194         258
        -364       -1070
         856         716
        1191          67
       -1461        -657
         708         972
         561        -103
         601        -281
       -1787        -273
        -730        -336
         691        -107
        -412        -746
        1077         697
        -703         917
        -244         -10
        -487         603
        -382        -532
          70         506
         906        1878
         225        -231
          52        -388
        -645        -587
         558        1128
          94         866
        -440        1008
         -10          14
         517         245
        -238        -778
         390         654
        -387         -67
         796        -704
         334       -1504
         983        -149
        -616         160
       -1046         962
       -1306        -304
         295        1581
         977        -631
        -264       -1138
        -151          -9
         508         298
         602         594
        -145        -503
        -378        -902
          -8        -340
        -114         648
         343        -195
         695        1335
         757       -1025
         331         473
          23         839
         259         139
       -1404        -350
        -200        -978
         415         655
        1160        1034
       -1300        -104
        -228         666
         504        -184
          33         233
         209         707
         571        -189
        -264       -1732
         707        1249
        1117          71
         581        -197
        -121        -289
        1096         392
        -489        -535
        1405        -291
        -251         365
        -859        1339
         513         719
         249        1095
        2237        -837
        -353        -533
        -346        -344
       -1049         229
        -358        -980
        -151          97
          76        -242
        -632          18
         551        1043
        -606         300
        -765        -111
       -1296        -126
         799         373
        -973        -129
         593         483
        -225         711
           0          24
        -150         340
         -60        1214
         -51         275
        -686        -750
        -799         231
       -1734         768
        -882         436
        -948        -828
         385        -337
         218         240
         -99          59
         162         530
         709        -503
         -95          77
         137         -89
         -55        -427
          18         -52
       -1321         689
         580        -512
        -677        -521
          10          24
          19         337
          22         738
        -308         506
        -687         271
        -955        -223
          87        -999
       -1079         127
         349        -403
         354        -652
        -758        -282
       -1518         362
        -159         663
        -710         478
        -661         115
        -195          39
         800         828
         -48         526
        -664         150
        -287        1409
        -413        -481
        1269       -1323
         -45        -189
       -1054         712
        -670          28
        -455       -1195
         777        1281
        -748        -194
         105        -741
         748        -832
         567         751
         411          73
         220         436
        -350         352
         620        -982
        1604         866
       -1072        -740
         241         277
        -729        -167
        -532        -284
       -1152         436
        1032         120
        -209        1177
        -159        -487
        -540        -174
        -295          -9
       -1143          97
          91         453
        1024       -1090
         409         825
        -640        -518
          31        -135
         497        -279
       -1139         569
         269          33
        -554         446
          -5         931
         213         329
         199         -55
        1485        -327
          15         441
        1025        -639
         -94         652
        -556         368
         340        -280
         267        -157
        -621        -641
         980        -732
        -461         539
       -1129         559
        -917        -237
           4        -542
        -770         682
        -901         579
          89        -165
         -46        -350
         216         698
         918         680
         234        -100
        -506        1314
         -62         700
         -56          -2
       -1027        1007
         428          50
        -878       -1164
        -904        1180
        1771         589
        -634        -514
         888         902
         876        -688
       -1139        -737
         209       -1111
        -592        -606
        -505          39
        -594         324
         468         262
        -643        -339
        -510        -118
         702         218
          84        -796
         386         378
        -157        1199
        -454       -1012
        -258         280
        -800        1098
        -122        -246
         -41        -139
         121         241
        -143        -445
         210        -222
         506        1686
       -1273         343
         386         976
         -55       -1671
         545        -659
         647        -177
        -991         447
        -834        -548
        -119        1043
        1519         359
        -758         928
        -267        -507
         651         463
        -175         759
         724       -1048
         -11         787
         246        -876
          99          91
        -348       -1386
        -117        -541
         305        -503
        -430        -296
        1838       -1084
         920        -660
        -279          89
         248        -172
        -173        -553
        -261        -337
         582        -218
         999         709
        -351        -227
         136        1028
       -1142        -368
         776        -588
         644        -140
         637        -651
         258         810
        -411        -165
         343       -1263
         640        -650
         257         -17
        1395         189
         -97       -1345
        -135        -141
         729         -23
        -577        -243
         106          58
        -589        -187
        -852         986
         166       -1100
        -584         110
         279       -1257
        -737        -883
        -172         326
         -15         -39
        1789         169
         846        -722
        1340        -768
        -435         171
         904        -372
       -1136        -556
          70        -270
         210        1328
        -298         334
         368         484
        -523         189
         235         553
       -1033        -655
        -292        -662
         206        -170
        1440        -280
          66         -28
        1258         538
         189        -541
        -184       -1486
        -984         366
        -353        -927
         537         263
         868         450
         202        1102
        -412          74
         103        -341
         152         760
        -151        1325
         462         116
        -219       -1375
        -167          -9
         276       -1328
        -121         713
         132        -730
         215         887
        1211         107
         800        1228
        -696         714
        1192         108
        -232        -464
         435        -173
         -58          96
         522         246
         909         371
        -163        -147
       -1406         530
          49        -469
        -124         576
       -1581        -489
        -328         426
         -91         155
         442       -2742
       -2114        -696
         191        -567
       -1009         409
        -490        -132
        -285         895
       -1021         -25
        1192          54
         -37         231
        1077         111
         180        -244
        -486         710
        -524         400
        -237        1193
         656        -452
         659        -545
         415        -667
        1239        -575
        -434        -606
         567         221
         974       -1010
          34        -360
        -962        -620
        1285        -697
        -224         766
        -213         781
        -524         678
         411         -17
         -24         572
         692        -140
        -490        -652
        -158        1144
         127          11
        -290         -42
           7          47
        1390        1246
       -1115         571
        -218         112
        -482        -648
       -1062         962
        -973        -935
        1427          33
        -476        1456
        -795         161
          80        -202
        -240        -554
         526         302
        -284         852
        -286        -384
        -365        -389
       -1437        -561
         983       -1781
       -1421         297
        -630        -842
         107         875
         -38         -52
         682        -236
        -380        -638
        -715         387
         314           2
        -628         204
       -1364        1234
       -1213         465
        -161        -227
        1303         639
        1143        1125
        -164        -356
        1068       -1638
        -528       -1354
         890         898
         213         -57
        -835         783
         261        -979
        -498        -636
       -2319        -235
         263        -769
        1003         727
        -581         385
         455       -1203
        -200        -492
          96          34
        -114        -716
       -1897       -1083
          95         847
        1003         277
        -355        -281
        -963         197
        -910        -378
        -752        -386
         425        -171
       -1109         497
       -1271        -807
         810        -908
         386        -200
         112        -836
        -679        -401
        -593         931
         482         730
        -851        1947
          95         831
       -1427       -1001
          66        -732
         287         229
        -263        -361
         253        -369
        -551         769
        -891       -1133
         257         247
        -152         400
         -68         662
         367         661
         791        -125
        -932         418
         398         184
        1131        1745
         608        -296
         308         396
         532        -742
        -403         437
         138         -84
       -1952        -412
        -207         619
         -20        -208
        1242         418
         -60         -16
         334         364
        -279        -843
        -428         384
         -21        2067
         413         -81
         637         711
         696        -618
        -717         539
        1106         668
         272         372
          95         343
          57         529
        -731         195
        -507         755
         397         341
        -974        -160
         494         302
         459         941
         181        1115
         513         655
        1416         238
          58        -670
         233         -51
        1220         306
        -192        -352
         518        -786
        -379         -49
        -184         918
       -1020        -230
         -42        -662
       -1619         467
         257         107
        -217       -1895
         390        -516
        -249        -181
         -92           0
        -428         218
         246       -2058
          19         461
        -861         -59
         584         544
         869        -871
         671        -361
         996         -62
         -13           9
       -1413         855
        -306         668
         157        -509
       -1086        -182
        -175         455
         475         183
        1788        -224
        -220         962
        -480         880
         154        1316
        -426         484
          44        -140
         185         119
         376        -186
        -414        -272
       -1386         -32
        1084         416
       -1027        -809
         428         420
         848         788
          26         170
         464         170
        -797        -401
        1435         813
        -498         872
         952        1380
        -483          67
         502         274
       -1083        -507
         313         803
         212         238
         529         845
        -154        -656
         724        -512
         418       -1218
        -383        -335
        -647        -985
         359         385
        -110        1212
          86         -50
         391         735
        -157         -47
        -582         200
         595        -583
       -1733        -557
        -634        -368
         231        -493
       -1918        -304
        -424         -92
         501        1483
           7         989
        -136       -1266
        1054        -520
        -533        -287
        -523        -403
        2009        -209
         160        -886
         332         376
         501         889
        -222        -176
         885          89
       -1184        1382
         675        1293
        -349        -373
         212        -190
        -449       -1109
        -269       -1125
        -210       -1156
          65          39
        -360        -602
         718         188
        -903        1013
        -634         528
        -814         880
        -107         -67
       -1066         498
         589        -137
         400       -1176
       -1528         738
         -74         230
        -551        -289
         790         446
        -812        -826
        1095        -101
         849        -769
        -232         -88
        1239         491
        1043          81
        -808         460
         519         169
       -1557       -1103
         510         120
        -511        -549
        -172         360
        -455        -175
        -584         438
        -140         948
         979        1149
        -432        1162
         429        -195
        -252        1186
        -449        -127
        -312        -296
        -237       -1731
         201        -233
        1087        -431
       -1241         837
       -1016         120
        -379         351
         207        -789
        -569        1197
        -249       -1705
         352        -484
        -199         805
         429        -243
         460         216
         122         454
        -676         562
        -630        -136
        -908       -1598
        1615        -923
        -685        -271
         559          57
         776        1604
        -149        -859
        -154         534
        -144        -526
        -175        1525
         255         -77
         788         262
         801        -443
        1319         203
         -72        -652
        1168         352
         272         610
        -248         538
        -306         982
       -1130        -872
        -516         666
        -314       -1622
          20        1542
        -269         421
         -93       -1389
        -814        -560
        -314         358
         821       -1015
         -68         830
        -527       -1241
        -342         414
         377         375
         436         284
         423          51
        -280         780
         248         390
         626        -118
       -1450        -522
        -870        1260
       -1324        -264
        -145        -387
         474        -174
        -241         -79
       -1792         550
        -743        -387
        1470         642
        -223         607
        -498         162
        -599       -1001
        1574         404
        -609        -687
         278        -820
       -1620        -456
        -645        -353
       -1931        -717
         558         204
        2676         -10
        -795         391
       -2101         645
        -996        -188
         455        -119
          18         180
        -734        -232
         753         -75
         298        -304
        -132        -770
        -211         941
         -22         388
          76         364
         -46       -1558
        1756         606
         525        1611
        -245         615
        1558        -300
       -1033         605
        -128         470
        -580       -1824
          73       -1111
          95         779
        -587        1135
        -590          52
         -38         968
         383          67
        -139        1073
        1137        -113
         414         378
        -541        1055
        1630         302
        -731        1503
         173         285
       -1372        -442
         349        2083
         797          33
        -623       -1207
        -313         391
        -113         109
         753        -367
         672         874
        -612        -510
        -811       -1255
         436          22
       -1273        1329
       -1157        -463
         -56        -762
        -844         882
         602         276
       -1083        -349
        -512         -22
         210        -388
         -80        1124
        -510         874
         259        2007
         -10         386
         -66          62
         448        -122
         750         242
         262         398
         136          44
        1063       -1121
         832        -738
        1036         202
       -1239         309
        -251         283
         264         290
        1075        -249
         427         865
         657        -237
        -291         307
        -558         356
         581       -1009
       -1322        1302
        -483         673
        -534         292
         -32         154
        -630         900
         273         197
        -860       -1152
        -567         567
         234         -28
        -205        -387
        -456        -890
         298         228
        -583        -519
         272        -682
        -192        -142
         490         574
        1240        -766
        -456        -200
        -534         144
        -143         245
       -1139         195
        -661         757
         476       -1268
        -300        -250
         949        1357
       -1083         447
        1430        -514
        1071        1083
        -422        -738
        -278         218
        -534          96
         266        -558
        -464         254
        -466         330
       -1572        -764
          84        1320
        -758         400
         302        -978
        1513       -1141
        -684          56
        -976         682
        -399         211
        -656         164
         784           0
         101        -521
        -746        -210
       -1901        -279
       -1215         645
        -377        -325
         330        -208
        -416         192
        -497        -279
         621         663
        -278        -110
         579         297
         -49        -247
        1068         866
         836        1452
          31        -377
         -44        -768
       -1597        -861
         180         134
          73         617
         -96         466
         416         728
       -1267         537
        -855       -1395
         582        -266
         941        -391
         751         551
        -350        -870
         599        -521
        -155        -339
        -300        -926
         -37         771
         460          20
        -652         716
        -168         202
         307        -219
        -499          81
        -700        -904
        -529        -627
       -1078         286
         431        -639
        -329        -541
        -453        -351
        -860        -348
        1050        -308
        -190        1294
         228         358
         -41         171
         993        -199
         579          17
          95        -177
         531         167
         797         249
        -659        -185
        -697         889
         312         870
        1014         710
        -177        -565
         297         201
         -36       -1140
       -1540         594
        -470         410
        -732        -876
         -89          85
       -1596         414
          17         369
        -319         263
        -413         467
          97         593
        -246          70
       -1125         213
         578         586
         226         338
        -407        -311
        -971        1067
         737          45
         854       -1096
         307         431
         582         134
         815        1311
        1345        -625
        -155        -751
         831         499
         422        -852
        -348         254
         338         316
        -592         174
       -1766       -1174
         492        -722
       -1425        -347
         -68         -10
        -292        1286
           2        -856
        -871       -1417
         755        -665
         340        -442
        -165         811
         503        -879
         886          74
         530        -390
         326         146
         391        -745
        -637       -1127
        -212       -1676
          13        -779
        -437        1441
        -923       -1335
         250        -510
         438        1358
        -497         489
        -920        -640
         766         650
         772        -436
         174        -120
       -1068        -598
         209        1031
         285        -487
        -361        -279
       -1088         194
        -483         807
       -1031         573
         733        -833
        -647        -497
        -839         657
        1003        -145
         821          15
        -337         -83
        -517        -233
        -859          49
        1015         319
         832        1748
        -664          -2
        1263        -627
        1121         -25
        -585       -1587
        -769         591
         328       -1886
         316        -970
         791         111
        -285        -259
         856        1728
         455          63
         224         304
        -380         126
          63         315
        -977        -663
         141        1459
         105        -125
        -428          94
          86        1454
         716        -884
        -581        1091
       -1335        1309
       -1326        -610
        1259        -327
         608         426
         399         429
          88        -122
        -780        1266
        -389         691
        -311         501
         128        -676
        -284        -658
         769         209
         -86         146
         -32        1070
          20         722
         378         448
         545        -727
          86         704
         549         681
         579         219
         254        1066
        1273       -1397
         278        -224
         227        -499
         -20         958
        -234         582
         875         -19
         108        -754
        -150         216
        -217       -1629
       -1229         667
         671        1255
         205        -747
         118        -618
          31        -129
        -202        -538
        1317         -53
