         174         390
        -186           8
         -88         128
          64         166
         -57        -139
         228        -118
         -75        -143
         189         -13
         152         -48
         136        -182
         143        -193
         190         200
         352         256
         102          34
        -196        -122
         -93         -77
         170        -240
         113          -5
        -386        -452
         289         167
        -161        -101
        -225        -139
         -71          97
         -60         322
        -152        -178
         313         -33
        -247         133
        -101         205
         410        -116
        -155          77
          59         111
        -160          82
         -24          64
         434         -62
        -326         -82
        -398          32
          14         228
        -169         -13
         237         -39
         339          17
          51        -359
         143         -63
        -133          43
        -300          -4
        -229         -49
        -185         125
         287        -295
        -266         160
          20         202
        -113         477
        -135         271
         289        -255
         -45         237
        -294        -500
         127          -5
         227         303
         221         -17
          80         146
          87         235
        -257        -313
         -96         130
         306         540
         239        -201
        -346        -206
         258         166
         303         335
         204        -376
          -5         111
         120        -194
        -253         309
         280          58
        -142         -56
        -156         242
          86         114
         -26         208
        -317        -335
         -56         -56
        -136        -372
        -174        -288
          45        -507
           2         -80
         101        -261
         161          23
         -55        -195
          29         207
         242         -52
        -206         304
         228        -394
         194        -150
         -19        -235
        -208         -26
        -221        -109
         -89         109
         226          78
          39          65
         283         139
         319         233
         186        -226
          43          37
        -310        -108
         166         102
        -117          93
          84           8
         -33        -169
         -26         310
         306         258
        -380         -84
          33        -313
         149        -101
         230         208
        -813         263
         226         -98
        -333          75
         151         231
          36         -80
        -231          13
        -408        -156
         388         -48
         -36         -44
          46         -40
        -231         155
         259         -23
         -49        -111
         124         -80
         557          69
         -88         -66
        -344         138
        -252         134
        -226        -346
         317         305
         -76         402
         112         -70
         162         182
         -47          -7
         129        -253
         135          15
           6         214
         148         254
         -62         -36
        -209         -61
           7        -181
         264        -152
         -29         -69
          54          70
         183          17
         253          99
        -216          28
          44        -310
         291          99
         102         204
         179        -197
         -40        -276
         289          85
         149        -269
         107         235
          99         -25
          59         245
        -221        -139
         -58         -28
         237        -261
          74         -50
         -80         -52
         433          -3
         315         151
         236        -228
         -67          71
         401         333
         120        -202
          50         128
        -250        -132
         261        -493
         127        -149
           0         146
         -56         348
         -37         117
         242         130
        -324         150
         243         205
         -55         169
          41         205
         128        -204
         121          43
         329          -1
           6        -470
         189        -105
          -2        -108
          17          99
         121          55
          82          88
        -387        -451
        -177         271
         208        -214
         194         100
        -226         210
        -149        -519
        -236         302
         112         154
        -511          21
        -169        -215
         505          81
        -309         -89
         -26          30
         -73        -165
           0         -56
         243         -15
        -206        -140
         -63        -275
          40         358
        -276        -138
        -193         167
         -24        -188
          22         -64
         485         419
         224         392
         107        -169
         -28          -6
         127          15
         265        -137
         -17         427
         203         277
        -433        -135
         204        -382
        -517         547
        -109        -479
         -93          -1
          41         237
          65          33
         -55          93
         -61         -21
        -236         366
        -416        -368
         -55        -305
         108         -86
         -90         -26
         -21        -195
         557        -249
        -142         198
        -277         -89
          -4         340
         -24        -290
         269           3
        -340         -62
         379         491
         120         -92
          86          10
         190         230
        -129         -31
         312        -266
        -306         328
         275         105
         163         -71
         -80        -216
         118         196
        -203         271
          59          -1
         158         264
         276        -310
         295        -163
         -71         231
         476        -134
        -402        -452
          69        -215
        -342         -80
         121         385
          40          64
        -313         -39
        -205         147
          66        -240
        -243        -157
        -252         -70
          39         221
         111         189
         123        -379
         193         -73
          52          26
         174          60
          41         517
         -73          95
          36         194
          12         122
          12        -132
         160         324
         352        -386
         355        -143
          87         113
        -513          33
         447         229
        -252         -16
           3        -105
         -90         -20
         -83         341
         -98         -76
         341         191
          46        -264
          66        -302
          27        -217
          45        -201
         -21          67
         229         237
          49         -57
         -10        -152
        -575        -581
         -20          52
        -367        -265
         -41          29
        -348         -92
          17         317
        -260         548
         -36          12
        -147        -141
        -145        -199
          41         -35
         374        -160
        -540        -178
         426          -6
        -303         317
         -66        -116
          80          74
        -267         -15
        -330         -18
         -22         -50
         186          54
         346         222
         317        -391
        -132         226
          82        -272
          15           1
           9         115
        -226          32
         116         -44
         102        -156
         -85         181
        -113        -183
        -183          37
          69         243
        -168         148
         -91        -231
         122        -462
          18        -158
         -83        -165
         308        -132
          29         319
         270         436
        -127         227
          65          99
          72         248
          42         -14
          52        -152
         186        -252
         180         -82
        -157        -253
          15          55
         -28         310
        -308         392
         204        -156
         130         184
         -82         178
        -318         308
          50          78
        -209        -179
         151         113
        -309         219
        -324        -110
         168        -172
        -275         -67
         -44        -184
        -152          22
         225         291
         118          30
         198        -152
        -320          66
        -341          49
         313         -77
          -3         243
        -162        -150
        -330         338
          78        -146
         123         189
        -245         -27
         400         118
         -76        -224
          79           1
        -140         262
          10        -506
        -259         497
        -145        -291
         321        -277
        -171         101
        -102         122
         101        -217
        -187        -137
         -29          61
         209         101
          20         -82
         326           8
        -260        -122
         -25         307
         -56          92
          36        -104
          36         382
         217         193
        -294        -136
        -232         -82
         334        -104
        -132         522
         274         144
         148         178
         269           7
        -183         933
         505         223
        -118         -12
         177        -339
         186        -246
         107         -69
        -151         253
         -22         332
         244          86
        -236         246
         -11        -361
          49        -121
         187         -81
         317          89
         -55         -45
         288          14
        -143        -245
        -333         105
         -19        -273
        -479          41
         259         -23
          30          30
         -21        -215
         361         -45
          10         -40
         -15         185
           1          23
        -308         102
          79         101
        -239          55
          64        -396
        -577        -357
          63          27
        -323        -341
          85         515
         181         277
        -247         247
        -410          38
         154         226
         612        -282
         286         282
         157         139
        -174         230
        -170          -4
         261          33
          55          73
         -83         381
         250        -112
           7          15
         222          62
        -182           8
         -92         180
          18         212
         -62         258
        -233         -35
        -199         263
         474         100
        -241         213
         -80        -122
         -79        -347
         292         426
        -330          40
          50         -58
          58         230
        -118         158
        -198         -76
         144           4
        -210         212
         247        -133
        -138        -336
          -6         334
         161        -321
         311         151
          18         180
         -55         155
        -270        -322
         230         254
         431        -467
         -61         323
        -330        -142
        -184         118
         427          -5
        -308        -454
          49        -155
        -200         -64
        -162         544
         181           7
          69        -253
        -108        -216
         228        -222
         182          98
        -169         -63
          93         289
        -195         191
         -71           1
        -223         -11
         345          45
         -87          95
         -11         107
         117         -15
          90           2
         332         -50
          81        -295
         -27           1
         -54         154
          88         -38
        -151         -21
         -52        -180
        -345        -285
          31         415
        -292         -34
         334         216
         462          74
         300        -198
          16         -48
        -180         -28
         -66         -18
        -220        -118
         -68        -146
        -120        -112
         332          68
         340        -178
        -484         -64
         274        -106
         326        -202
        -179         225
         383        -255
          13        -101
        -212         -44
         -72        -256
         184        -236
         101        -465
         129          85
         233          27
          -2         338
         161        -279
         150         198
          68          88
         141          71
         169        -109
         -28        -514
         -38         -54
         -60         490
        -347          -7
         126         252
        -146          34
        -271         -45
         226         138
         -80         142
         -13        -527
         255         -13
        -306        -304
        -417         347
        -252         -34
          68         142
        -403        -139
         -32         424
         429         341
        -278          54
          -2         -10
        -274          50
         115        -213
        -300         176
         192         -88
          37        -371
         132        -254
        -452         -32
        -251        -127
        -325         -93
        -207         455
          54         224
        -186        -194
         533        -117
         142         260
         276         -66
        -169         115
        -123         209
        -400         314
         129         201
        -201         477
        -225          13
         333         175
        -155        -253
        -101        -221
         -82          -2
         280        -238
          56         116
         389         179
         -59         -97
         423         221
          76        -346
         150          10
         122        -208
         -95          -7
        -125        -415
         135        -275
         139         -53
         175         -81
        -555          43
          64        -298
         -25          13
         -99         143
          61         539
         -86          92
        -261          99
         228        -276
         -11          29
          77          35
         -37        -337
         -91         -77
        -224         -18
         193         -95
         364          -2
         -38         248
        -124         -84
         -30           4
        -251         177
        -348         122
         424         138
         274         174
         157          33
          80        -512
          56         434
         194           4
        -128          66
         -34        -204
        -105        -259
         577         235
        -216         280
        -110          56
         231        -439
         137         421
         -71          41
        -344         -18
         179          31
         -98        -124
         702         198
        -383        -235
         103        -239
        -114        -176
        -259         141
         140        -122
         -10          12
         117         -65
        -395         233
         -45        -181
         227        -341
        -266         106
         452         -74
        -235          51
        -140        -192
         -83        -451
        -156        -246
         -98        -368
          10        -272
        -176        -116
         128          64
          43         185
          69         377
         243        -217
        -121        -231
          50         484
         -56          58
         144         -74
         -43        -181
         131         471
        -207         -37
        -354         294
         680         292
        -281         163
         -44        -208
         -84        -130
         337         -89
        -203        -111
          64         314
         -15         123
          19          -3
         -59        -295
          76         -26
          80        -196
        -244        -132
         288         220
        -111         379
          90         482
          57         -67
        -247         123
         596         398
        -354         174
         191        -211
         520          38
         357         209
        -404        -190
        -137        -205
         204         660
          73        -213
         470        -408
         462         214
         118        -294
          91        -321
        -155        -197
        -270         -92
         -99        -169
         -18         336
         132        -230
         -63          57
        -145         119
         -40        -356
         247        -155
          39         467
        -127          59
          64         122
         242          54
        -104         -32
          75        -265
         242         160
          58         334
        -256         126
         -96         162
          18         -40
         145         175
        -263         249
         204         -30
         765         -35
         139          85
         -31          75
          24         382
        -297         -69
          56        -174
        -158          68
        -122         -46
         325        -307
        -442         160
        -550        -464
         -30        -132
          54        -204
        -167         297
         117         -89
        -308          82
        -221         395
        -110         -48
         -96        -204
         -93          17
         130         -34
           3         -93
        -197         -31
          36           6
        -540        -450
         -92        -272
          22        -250
         196         -74
          28         124
         214          96
         332          40
         251        -221
        -148          10
         419         149
        -209        -157
        -234         -56
        -201         -43
         224         456
        -132         360
         113         117
         152         316
          53        -107
         231          37
          93         -39
         501         247
        -269         183
         366         186
         256          70
        -491         283
         268        -142
        -294          94
        -177        -171
        -409         137
         152        -230
        -196         176
        -324        -246
         -68         394
        -155         153
         300        -158
        -129        -253
         208        -182
         -46         160
          51          17
        -182         630
        -180         132
         -98         126
         147          87
          -3          19
         191          49
        -316        -372
         321        -151
          30        -120
         -23        -293
          43        -359
        -194           6
          96          14
         123         183
        -151         169
         238         162
          21         205
         245         -63
         -67        -445
        -310         328
         -51         -89
          47         313
         225         145
        -337         161
         108         -52
         202          -2
         -29         -63
         231         -49
         204        -130
        -176         106
          95        -155
         202         186
        -248         162
         187          15
        -559         291
         238          50
          35         231
        -108        -212
         -48         108
         -60         204
         345        -267
         -11         -29
         232        -198
          13          45
          50        -114
         213         167
         -55         107
          52          42
         179          -9
         141         -65
        -268        -374
        -121        -453
          46        -226
         111        -179
        -159        -257
         -38        -146
        -207         -65
         118         238
         315         573
          64          28
         117        -119
         198         354
         119        -121
        -182         616
        -484         182
         147        -215
         295        -287
         -87        -193
         268          40
         -52         218
         145         -11
        -315        -147
         100        -194
         -36        -324
         603         581
        -117         -51
         608         152
         462        -184
          81        -315
        -249         101
         -31        -131
          32         108
          30         318
         -48          54
         140         244
         -11        -223
         175        -169
         138          36
          59        -135
        -206        -206
        -137        -581
        -608          74
        -203         -95
         413         137
        -145         183
         171         309
         397         -11
         128         156
         325        -251
         494        -184
          73         443
        -208         226
         551         -53
        -160        -480
        -134         228
        -169         -71
         196         378
         302         -66
         121         577
         -51          71
        -272        -220
          82        -140
        -125          15
           5        -429
         -99         209
        -197        -323
        -255        -229
         381        -211
         128          66
         -87          89
         255          69
         326        -202
        -532           0
         650        -242
         199          79
        -197          57
         282           4
        -296         -22
         282          44
         -14         226
           4          36
         -61         195
         -61         233
        -253        -147
         107        -213
         227        -251
        -186         264
        -129         133
         -50          92
        -591         497
          27         419
         -13         -53
         143         233
         252          94
        -118        -180
        -347         -25
         -33         129
         152         304
         173         255
          31        -201
         -73         425
         408         -66
         125        -189
         136         130
        -413         175
         -61         195
          35        -309
        -159         -67
         141          27
        -219          59
         465         267
        -153          23
         123          23
         171         -83
         239          -9
        -148         356
        -211         499
          40           2
          -9         -57
          61        -101
         217         -61
         317         125
         464         -74
         283         -73
         324        -172
         290        -178
         250        -248
          52          84
        -216        -488
         175          -5
        -122        -280
        -202         216
         336        -148
        -114          72
        -153          67
          15         -27
        -124         -24
         124        -136
        -101        -143
        -103         403
        -246        -482
         165        -115
        -417          29
        -280         196
         226         -80
         247        -355
          39         339
        -194          44
         103         -55
         372         242
        -161          53
        -413           7
        -228          48
        -119         -35
         153          25
        -113          59
        -449        -159
