   174.000000       390.000000    
  -186.000000       8.00000000    
  -88.0000000       128.000000    
   64.0000000       166.000000    
  -57.0000000      -139.000000    
   228.000000      -118.000000    
  -75.0000000      -143.000000    
   189.000000      -13.0000000    
   152.000000      -48.0000000    
   136.000000      -182.000000    
   143.000000      -193.000000    
   190.000000       200.000000    
   352.000000       256.000000    
   102.000000       34.0000000    
  -196.000000      -122.000000    
  -93.0000000      -77.0000000    
   170.000000      -240.000000    
   113.000000      -5.00000000    
  -386.000000      -452.000000    
   289.000000       167.000000    
  -161.000000      -101.000000    
  -225.000000      -139.000000    
  -71.0000000       97.0000000    
  -60.0000000       322.000000    
  -152.000000      -178.000000    
   313.000000      -33.0000000    
  -247.000000       133.000000    
  -101.000000       205.000000    
   410.000000      -116.000000    
  -155.000000       77.0000000    
   59.0000000       111.000000    
  -160.000000       82.0000000    
  -24.0000000       64.0000000    
   434.000000      -62.0000000    
  -326.000000      -82.0000000    
  -398.000000       32.0000000    
   14.0000000       228.000000    
  -169.000000      -13.0000000    
   237.000000      -39.0000000    
   339.000000       17.0000000    
   51.0000000      -359.000000    
   143.000000      -63.0000000    
  -133.000000       43.0000000    
  -300.000000      -4.00000000    
  -229.000000      -49.0000000    
  -185.000000       125.000000    
   287.000000      -295.000000    
  -266.000000       160.000000    
   20.0000000       202.000000    
  -113.000000       477.000000    
  -135.000000       271.000000    
   289.000000      -255.000000    
  -45.0000000       237.000000    
  -294.000000      -500.000000    
   127.000000      -5.00000000    
   227.000000       303.000000    
   221.000000      -17.0000000    
   80.0000000       146.000000    
   87.0000000       235.000000    
  -257.000000      -313.000000    
  -96.0000000       130.000000    
   306.000000       540.000000    
   239.000000      -201.000000    
  -346.000000      -206.000000    
   258.000000       166.000000    
   303.000000       335.000000    
   204.000000      -376.000000    
  -5.00000000       111.000000    
   120.000000      -194.000000    
  -253.000000       309.000000    
   280.000000       58.0000000    
  -142.000000      -56.0000000    
  -156.000000       242.000000    
   86.0000000       114.000000    
  -26.0000000       208.000000    
  -317.000000      -335.000000    
  -56.0000000      -56.0000000    
  -136.000000      -372.000000    
  -174.000000      -288.000000    
   45.0000000      -507.000000    
   2.00000000      -80.0000000    
   101.000000      -261.000000    
   161.000000       23.0000000    
  -55.0000000      -195.000000    
   29.0000000       207.000000    
   242.000000      -52.0000000    
  -206.000000       304.000000    
   228.000000      -394.000000    
   194.000000      -150.000000    
  -19.0000000      -235.000000    
  -208.000000      -26.0000000    
  -221.000000      -109.000000    
  -89.0000000       109.000000    
   226.000000       78.0000000    
   39.0000000       65.0000000    
   283.000000       139.000000    
   319.000000       233.000000    
   186.000000      -226.000000    
   43.0000000       37.0000000    
  -310.000000      -108.000000    
   166.000000       102.000000    
  -117.000000       93.0000000    
   84.0000000       8.00000000    
  -33.0000000      -169.000000    
  -26.0000000       310.000000    
   306.000000       258.000000    
  -380.000000      -84.0000000    
   33.0000000      -313.000000    
   149.000000      -101.000000    
   230.000000       208.000000    
  -813.000000       263.000000    
   226.000000      -98.0000000    
  -333.000000       75.0000000    
   151.000000       231.000000    
   36.0000000      -80.0000000    
  -231.000000       13.0000000    
  -408.000000      -156.000000    
   388.000000      -48.0000000    
  -36.0000000      -44.0000000    
   46.0000000      -40.0000000    
  -231.000000       155.000000    
   259.000000      -23.0000000    
  -49.0000000      -111.000000    
   124.000000      -80.0000000    
   557.000000       69.0000000    
  -88.0000000      -66.0000000    
  -344.000000       138.000000    
  -252.000000       134.000000    
  -226.000000      -346.000000    
   317.000000       305.000000    
  -76.0000000       402.000000    
   112.000000      -70.0000000    
   162.000000       182.000000    
  -47.0000000      -7.00000000    
   129.000000      -253.000000    
   135.000000       15.0000000    
   6.00000000       214.000000    
   148.000000       254.000000    
  -62.0000000      -36.0000000    
  -209.000000      -61.0000000    
   7.00000000      -181.000000    
   264.000000      -152.000000    
  -29.0000000      -69.0000000    
   54.0000000       70.0000000    
   183.000000       17.0000000    
   253.000000       99.0000000    
  -216.000000       28.0000000    
   44.0000000      -310.000000    
   291.000000       99.0000000    
   102.000000       204.000000    
   179.000000      -197.000000    
  -40.0000000      -276.000000    
   289.000000       85.0000000    
   149.000000      -269.000000    
   107.000000       235.000000    
   99.0000000      -25.0000000    
   59.0000000       245.000000    
  -221.000000      -139.000000    
  -58.0000000      -28.0000000    
   237.000000      -261.000000    
   74.0000000      -50.0000000    
  -80.0000000      -52.0000000    
   433.000000      -3.00000000    
   315.000000       151.000000    
   236.000000      -228.000000    
  -67.0000000       71.0000000    
   401.000000       333.000000    
   120.000000      -202.000000    
   50.0000000       128.000000    
  -250.000000      -132.000000    
   261.000000      -493.000000    
   127.000000      -149.000000    
   0.00000000       146.000000    
  -56.0000000       348.000000    
  -37.0000000       117.000000    
   242.000000       130.000000    
  -324.000000       150.000000    
   243.000000       205.000000    
  -55.0000000       169.000000    
   41.0000000       205.000000    
   128.000000      -204.000000    
   121.000000       43.0000000    
   329.000000      -1.00000000    
   6.00000000      -470.000000    
   189.000000      -105.000000    
  -2.00000000      -108.000000    
   17.0000000       99.0000000    
   121.000000       55.0000000    
   82.0000000       88.0000000    
  -387.000000      -451.000000    
  -177.000000       271.000000    
   208.000000      -214.000000    
   194.000000       100.000000    
  -226.000000       210.000000    
  -149.000000      -519.000000    
  -236.000000       302.000000    
   112.000000       154.000000    
  -511.000000       21.0000000    
  -169.000000      -215.000000    
   505.000000       81.0000000    
  -309.000000      -89.0000000    
  -26.0000000       30.0000000    
  -73.0000000      -165.000000    
   0.00000000      -56.0000000    
   243.000000      -15.0000000    
  -206.000000      -140.000000    
  -63.0000000      -275.000000    
   40.0000000       358.000000    
  -276.000000      -138.000000    
  -193.000000       167.000000    
  -24.0000000      -188.000000    
   22.0000000      -64.0000000    
   485.000000       419.000000    
   224.000000       392.000000    
   107.000000      -169.000000    
  -28.0000000      -6.00000000    
   127.000000       15.0000000    
   265.000000      -137.000000    
  -17.0000000       427.000000    
   203.000000       277.000000    
  -433.000000      -135.000000    
   204.000000      -382.000000    
  -517.000000       547.000000    
  -109.000000      -479.000000    
  -93.0000000      -1.00000000    
   41.0000000       237.000000    
   65.0000000       33.0000000    
  -55.0000000       93.0000000    
  -61.0000000      -21.0000000    
  -236.000000       366.000000    
  -416.000000      -368.000000    
  -55.0000000      -305.000000    
   108.000000      -86.0000000    
  -90.0000000      -26.0000000    
  -21.0000000      -195.000000    
   557.000000      -249.000000    
  -142.000000       198.000000    
  -277.000000      -89.0000000    
  -4.00000000       340.000000    
  -24.0000000      -290.000000    
   269.000000       3.00000000    
  -340.000000      -62.0000000    
   379.000000       491.000000    
   120.000000      -92.0000000    
   86.0000000       10.0000000    
   190.000000       230.000000    
  -129.000000      -31.0000000    
   312.000000      -266.000000    
  -306.000000       328.000000    
   275.000000       105.000000    
   163.000000      -71.0000000    
  -80.0000000      -216.000000    
   118.000000       196.000000    
  -203.000000       271.000000    
   59.0000000      -1.00000000    
   158.000000       264.000000    
   276.000000      -310.000000    
   295.000000      -163.000000    
  -71.0000000       231.000000    
   476.000000      -134.000000    
  -402.000000      -452.000000    
   69.0000000      -215.000000    
  -342.000000      -80.0000000    
   121.000000       385.000000    
   40.0000000       64.0000000    
  -313.000000      -39.0000000    
  -205.000000       147.000000    
   66.0000000      -240.000000    
  -243.000000      -157.000000    
  -252.000000      -70.0000000    
   39.0000000       221.000000    
   111.000000       189.000000    
   123.000000      -379.000000    
   193.000000      -73.0000000    
   52.0000000       26.0000000    
   174.000000       60.0000000    
   41.0000000       517.000000    
  -73.0000000       95.0000000    
   36.0000000       194.000000    
   12.0000000       122.000000    
   12.0000000      -132.000000    
   160.000000       324.000000    
   352.000000      -386.000000    
   355.000000      -143.000000    
   87.0000000       113.000000    
  -513.000000       33.0000000    
   447.000000       229.000000    
  -252.000000      -16.0000000    
   3.00000000      -105.000000    
  -90.0000000      -20.0000000    
  -83.0000000       341.000000    
  -98.0000000      -76.0000000    
   341.000000       191.000000    
   46.0000000      -264.000000    
   66.0000000      -302.000000    
   27.0000000      -217.000000    
   45.0000000      -201.000000    
  -21.0000000       67.0000000    
   229.000000       237.000000    
   49.0000000      -57.0000000    
  -10.0000000      -152.000000    
  -575.000000      -581.000000    
  -20.0000000       52.0000000    
  -367.000000      -265.000000    
  -41.0000000       29.0000000    
  -348.000000      -92.0000000    
   17.0000000       317.000000    
  -260.000000       548.000000    
  -36.0000000       12.0000000    
  -147.000000      -141.000000    
  -145.000000      -199.000000    
   41.0000000      -35.0000000    
   374.000000      -160.000000    
  -540.000000      -178.000000    
   426.000000      -6.00000000    
  -303.000000       317.000000    
  -66.0000000      -116.000000    
   80.0000000       74.0000000    
  -267.000000      -15.0000000    
  -330.000000      -18.0000000    
  -22.0000000      -50.0000000    
   186.000000       54.0000000    
   346.000000       222.000000    
   317.000000      -391.000000    
  -132.000000       226.000000    
   82.0000000      -272.000000    
   15.0000000       1.00000000    
   9.00000000       115.000000    
  -226.000000       32.0000000    
   116.000000      -44.0000000    
   102.000000      -156.000000    
  -85.0000000       181.000000    
  -113.000000      -183.000000    
  -183.000000       37.0000000    
   69.0000000       243.000000    
  -168.000000       148.000000    
  -91.0000000      -231.000000    
   122.000000      -462.000000    
   18.0000000      -158.000000    
  -83.0000000      -165.000000    
   308.000000      -132.000000    
   29.0000000       319.000000    
   270.000000       436.000000    
  -127.000000       227.000000    
   65.0000000       99.0000000    
   72.0000000       248.000000    
   42.0000000      -14.0000000    
   52.0000000      -152.000000    
   186.000000      -252.000000    
   180.000000      -82.0000000    
  -157.000000      -253.000000    
   15.0000000       55.0000000    
  -28.0000000       310.000000    
  -308.000000       392.000000    
   204.000000      -156.000000    
   130.000000       184.000000    
  -82.0000000       178.000000    
  -318.000000       308.000000    
   50.0000000       78.0000000    
  -209.000000      -179.000000    
   151.000000       113.000000    
  -309.000000       219.000000    
  -324.000000      -110.000000    
   168.000000      -172.000000    
  -275.000000      -67.0000000    
  -44.0000000      -184.000000    
  -152.000000       22.0000000    
   225.000000       291.000000    
   118.000000       30.0000000    
   198.000000      -152.000000    
  -320.000000       66.0000000    
  -341.000000       49.0000000    
   313.000000      -77.0000000    
  -3.00000000       243.000000    
  -162.000000      -150.000000    
  -330.000000       338.000000    
   78.0000000      -146.000000    
   123.000000       189.000000    
  -245.000000      -27.0000000    
   400.000000       118.000000    
  -76.0000000      -224.000000    
   79.0000000       1.00000000    
  -140.000000       262.000000    
   10.0000000      -506.000000    
  -259.000000       497.000000    
  -145.000000      -291.000000    
   321.000000      -277.000000    
  -171.000000       101.000000    
  -102.000000       122.000000    
   101.000000      -217.000000    
  -187.000000      -137.000000    
  -29.0000000       61.0000000    
   209.000000       101.000000    
   20.0000000      -82.0000000    
   326.000000       8.00000000    
  -260.000000      -122.000000    
  -25.0000000       307.000000    
  -56.0000000       92.0000000    
   36.0000000      -104.000000    
   36.0000000       382.000000    
   217.000000       193.000000    
  -294.000000      -136.000000    
  -232.000000      -82.0000000    
   334.000000      -104.000000    
  -132.000000       522.000000    
   274.000000       144.000000    
   148.000000       178.000000    
   269.000000       7.00000000    
  -183.000000       933.000000    
   505.000000       223.000000    
  -118.000000      -12.0000000    
   177.000000      -339.000000    
   186.000000      -246.000000    
   107.000000      -69.0000000    
  -151.000000       253.000000    
  -22.0000000       332.000000    
   244.000000       86.0000000    
  -236.000000       246.000000    
  -11.0000000      -361.000000    
   49.0000000      -121.000000    
   187.000000      -81.0000000    
   317.000000       89.0000000    
  -55.0000000      -45.0000000    
   288.000000       14.0000000    
  -143.000000      -245.000000    
  -333.000000       105.000000    
  -19.0000000      -273.000000    
  -479.000000       41.0000000    
   259.000000      -23.0000000    
   30.0000000       30.0000000    
  -21.0000000      -215.000000    
   361.000000      -45.0000000    
   10.0000000      -40.0000000    
  -15.0000000       185.000000    
   1.00000000       23.0000000    
  -308.000000       102.000000    
   79.0000000       101.000000    
  -239.000000       55.0000000    
   64.0000000      -396.000000    
  -577.000000      -357.000000    
   63.0000000       27.0000000    
  -323.000000      -341.000000    
   85.0000000       515.000000    
   181.000000       277.000000    
  -247.000000       247.000000    
  -410.000000       38.0000000    
   154.000000       226.000000    
   612.000000      -282.000000    
   286.000000       282.000000    
   157.000000       139.000000    
  -174.000000       230.000000    
  -170.000000      -4.00000000    
   261.000000       33.0000000    
   55.0000000       73.0000000    
  -83.0000000       381.000000    
   250.000000      -112.000000    
   7.00000000       15.0000000    
   222.000000       62.0000000    
  -182.000000       8.00000000    
  -92.0000000       180.000000    
   18.0000000       212.000000    
  -62.0000000       258.000000    
  -233.000000      -35.0000000    
  -199.000000       263.000000    
   474.000000       100.000000    
  -241.000000       213.000000    
  -80.0000000      -122.000000    
  -79.0000000      -347.000000    
   292.000000       426.000000    
  -330.000000       40.0000000    
   50.0000000      -58.0000000    
   58.0000000       230.000000    
  -118.000000       158.000000    
  -198.000000      -76.0000000    
   144.000000       4.00000000    
  -210.000000       212.000000    
   247.000000      -133.000000    
  -138.000000      -336.000000    
  -6.00000000       334.000000    
   161.000000      -321.000000    
   311.000000       151.000000    
   18.0000000       180.000000    
  -55.0000000       155.000000    
  -270.000000      -322.000000    
   230.000000       254.000000    
   431.000000      -467.000000    
  -61.0000000       323.000000    
  -330.000000      -142.000000    
  -184.000000       118.000000    
   427.000000      -5.00000000    
  -308.000000      -454.000000    
   49.0000000      -155.000000    
  -200.000000      -64.0000000    
  -162.000000       544.000000    
   181.000000       7.00000000    
   69.0000000      -253.000000    
  -108.000000      -216.000000    
   228.000000      -222.000000    
   182.000000       98.0000000    
  -169.000000      -63.0000000    
   93.0000000       289.000000    
  -195.000000       191.000000    
  -71.0000000       1.00000000    
  -223.000000      -11.0000000    
   345.000000       45.0000000    
  -87.0000000       95.0000000    
  -11.0000000       107.000000    
   117.000000      -15.0000000    
   90.0000000       2.00000000    
   332.000000      -50.0000000    
   81.0000000      -295.000000    
  -27.0000000       1.00000000    
  -54.0000000       154.000000    
   88.0000000      -38.0000000    
  -151.000000      -21.0000000    
  -52.0000000      -180.000000    
  -345.000000      -285.000000    
   31.0000000       415.000000    
  -292.000000      -34.0000000    
   334.000000       216.000000    
   462.000000       74.0000000    
   300.000000      -198.000000    
   16.0000000      -48.0000000    
  -180.000000      -28.0000000    
  -66.0000000      -18.0000000    
  -220.000000      -118.000000    
  -68.0000000      -146.000000    
  -120.000000      -112.000000    
   332.000000       68.0000000    
   340.000000      -178.000000    
  -484.000000      -64.0000000    
   274.000000      -106.000000    
   326.000000      -202.000000    
  -179.000000       225.000000    
   383.000000      -255.000000    
   13.0000000      -101.000000    
  -212.000000      -44.0000000    
  -72.0000000      -256.000000    
   184.000000      -236.000000    
   101.000000      -465.000000    
   129.000000       85.0000000    
   233.000000       27.0000000    
  -2.00000000       338.000000    
   161.000000      -279.000000    
   150.000000       198.000000    
   68.0000000       88.0000000    
   141.000000       71.0000000    
   169.000000      -109.000000    
  -28.0000000      -514.000000    
  -38.0000000      -54.0000000    
  -60.0000000       490.000000    
  -347.000000      -7.00000000    
   126.000000       252.000000    
  -146.000000       34.0000000    
  -271.000000      -45.0000000    
   226.000000       138.000000    
  -80.0000000       142.000000    
  -13.0000000      -527.000000    
   255.000000      -13.0000000    
  -306.000000      -304.000000    
  -417.000000       347.000000    
  -252.000000      -34.0000000    
   68.0000000       142.000000    
  -403.000000      -139.000000    
  -32.0000000       424.000000    
   429.000000       341.000000    
  -278.000000       54.0000000    
  -2.00000000      -10.0000000    
  -274.000000       50.0000000    
   115.000000      -213.000000    
  -300.000000       176.000000    
   192.000000      -88.0000000    
   37.0000000      -371.000000    
   132.000000      -254.000000    
  -452.000000      -32.0000000    
  -251.000000      -127.000000    
  -325.000000      -93.0000000    
  -207.000000       455.000000    
   54.0000000       224.000000    
  -186.000000      -194.000000    
   533.000000      -117.000000    
   142.000000       260.000000    
   276.000000      -66.0000000    
  -169.000000       115.000000    
  -123.000000       209.000000    
  -400.000000       314.000000    
   129.000000       201.000000    
  -201.000000       477.000000    
  -225.000000       13.0000000    
   333.000000       175.000000    
  -155.000000      -253.000000    
  -101.000000      -221.000000    
  -82.0000000      -2.00000000    
   280.000000      -238.000000    
   56.0000000       116.000000    
   389.000000       179.000000    
  -59.0000000      -97.0000000    
   423.000000       221.000000    
   76.0000000      -346.000000    
   150.000000       10.0000000    
   122.000000      -208.000000    
  -95.0000000      -7.00000000    
  -125.000000      -415.000000    
   135.000000      -275.000000    
   139.000000      -53.0000000    
   175.000000      -81.0000000    
  -555.000000       43.0000000    
   64.0000000      -298.000000    
  -25.0000000       13.0000000    
  -99.0000000       143.000000    
   61.0000000       539.000000    
  -86.0000000       92.0000000    
  -261.000000       99.0000000    
   228.000000      -276.000000    
  -11.0000000       29.0000000    
   77.0000000       35.0000000    
  -37.0000000      -337.000000    
  -91.0000000      -77.0000000    
  -224.000000      -18.0000000    
   193.000000      -95.0000000    
   364.000000      -2.00000000    
  -38.0000000       248.000000    
  -124.000000      -84.0000000    
  -30.0000000       4.00000000    
  -251.000000       177.000000    
  -348.000000       122.000000    
   424.000000       138.000000    
   274.000000       174.000000    
   157.000000       33.0000000    
   80.0000000      -512.000000    
   56.0000000       434.000000    
   194.000000       4.00000000    
  -128.000000       66.0000000    
  -34.0000000      -204.000000    
  -105.000000      -259.000000    
   577.000000       235.000000    
  -216.000000       280.000000    
  -110.000000       56.0000000    
   231.000000      -439.000000    
   137.000000       421.000000    
  -71.0000000       41.0000000    
  -344.000000      -18.0000000    
   179.000000       31.0000000    
  -98.0000000      -124.000000    
   702.000000       198.000000    
  -383.000000      -235.000000    
   103.000000      -239.000000    
  -114.000000      -176.000000    
  -259.000000       141.000000    
   140.000000      -122.000000    
  -10.0000000       12.0000000    
   117.000000      -65.0000000    
  -395.000000       233.000000    
  -45.0000000      -181.000000    
   227.000000      -341.000000    
  -266.000000       106.000000    
   452.000000      -74.0000000    
  -235.000000       51.0000000    
  -140.000000      -192.000000    
  -83.0000000      -451.000000    
  -156.000000      -246.000000    
  -98.0000000      -368.000000    
   10.0000000      -272.000000    
  -176.000000      -116.000000    
   128.000000       64.0000000    
   43.0000000       185.000000    
   69.0000000       377.000000    
   243.000000      -217.000000    
  -121.000000      -231.000000    
   50.0000000       484.000000    
  -56.0000000       58.0000000    
   144.000000      -74.0000000    
  -43.0000000      -181.000000    
   131.000000       471.000000    
  -207.000000      -37.0000000    
  -354.000000       294.000000    
   680.000000       292.000000    
  -281.000000       163.000000    
  -44.0000000      -208.000000    
  -84.0000000      -130.000000    
   337.000000      -89.0000000    
  -203.000000      -111.000000    
   64.0000000       314.000000    
  -15.0000000       123.000000    
   19.0000000      -3.00000000    
  -59.0000000      -295.000000    
   76.0000000      -26.0000000    
   80.0000000      -196.000000    
  -244.000000      -132.000000    
   288.000000       220.000000    
  -111.000000       379.000000    
   90.0000000       482.000000    
   57.0000000      -67.0000000    
  -247.000000       123.000000    
   596.000000       398.000000    
  -354.000000       174.000000    
   191.000000      -211.000000    
   520.000000       38.0000000    
   357.000000       209.000000    
  -404.000000      -190.000000    
  -137.000000      -205.000000    
   204.000000       660.000000    
   73.0000000      -213.000000    
   470.000000      -408.000000    
   462.000000       214.000000    
   118.000000      -294.000000    
   91.0000000      -321.000000    
  -155.000000      -197.000000    
  -270.000000      -92.0000000    
  -99.0000000      -169.000000    
  -18.0000000       336.000000    
   132.000000      -230.000000    
  -63.0000000       57.0000000    
  -145.000000       119.000000    
  -40.0000000      -356.000000    
   247.000000      -155.000000    
   39.0000000       467.000000    
  -127.000000       59.0000000    
   64.0000000       122.000000    
   242.000000       54.0000000    
  -104.000000      -32.0000000    
   75.0000000      -265.000000    
   242.000000       160.000000    
   58.0000000       334.000000    
  -256.000000       126.000000    
  -96.0000000       162.000000    
   18.0000000      -40.0000000    
   145.000000       175.000000    
  -263.000000       249.000000    
   204.000000      -30.0000000    
   765.000000      -35.0000000    
   139.000000       85.0000000    
  -31.0000000       75.0000000    
   24.0000000       382.000000    
  -297.000000      -69.0000000    
   56.0000000      -174.000000    
  -158.000000       68.0000000    
  -122.000000      -46.0000000    
   325.000000      -307.000000    
  -442.000000       160.000000    
  -550.000000      -464.000000    
  -30.0000000      -132.000000    
   54.0000000      -204.000000    
  -167.000000       297.000000    
   117.000000      -89.0000000    
  -308.000000       82.0000000    
  -221.000000       395.000000    
  -110.000000      -48.0000000    
  -96.0000000      -204.000000    
  -93.0000000       17.0000000    
   130.000000      -34.0000000    
   3.00000000      -93.0000000    
  -197.000000      -31.0000000    
   36.0000000       6.00000000    
  -540.000000      -450.000000    
  -92.0000000      -272.000000    
   22.0000000      -250.000000    
   196.000000      -74.0000000    
   28.0000000       124.000000    
   214.000000       96.0000000    
   332.000000       40.0000000    
   251.000000      -221.000000    
  -148.000000       10.0000000    
   419.000000       149.000000    
  -209.000000      -157.000000    
  -234.000000      -56.0000000    
  -201.000000      -43.0000000    
   224.000000       456.000000    
  -132.000000       360.000000    
   113.000000       117.000000    
   152.000000       316.000000    
   53.0000000      -107.000000    
   231.000000       37.0000000    
   93.0000000      -39.0000000    
   501.000000       247.000000    
  -269.000000       183.000000    
   366.000000       186.000000    
   256.000000       70.0000000    
  -491.000000       283.000000    
   268.000000      -142.000000    
  -294.000000       94.0000000    
  -177.000000      -171.000000    
  -409.000000       137.000000    
   152.000000      -230.000000    
  -196.000000       176.000000    
  -324.000000      -246.000000    
  -68.0000000       394.000000    
  -155.000000       153.000000    
   300.000000      -158.000000    
  -129.000000      -253.000000    
   208.000000      -182.000000    
  -46.0000000       160.000000    
   51.0000000       17.0000000    
  -182.000000       630.000000    
  -180.000000       132.000000    
  -98.0000000       126.000000    
   147.000000       87.0000000    
  -3.00000000       19.0000000    
   191.000000       49.0000000    
  -316.000000      -372.000000    
   321.000000      -151.000000    
   30.0000000      -120.000000    
  -23.0000000      -293.000000    
   43.0000000      -359.000000    
  -194.000000       6.00000000    
   96.0000000       14.0000000    
   123.000000       183.000000    
  -151.000000       169.000000    
   238.000000       162.000000    
   21.0000000       205.000000    
   245.000000      -63.0000000    
  -67.0000000      -445.000000    
  -310.000000       328.000000    
  -51.0000000      -89.0000000    
   47.0000000       313.000000    
   225.000000       145.000000    
  -337.000000       161.000000    
   108.000000      -52.0000000    
   202.000000      -2.00000000    
  -29.0000000      -63.0000000    
   231.000000      -49.0000000    
   204.000000      -130.000000    
  -176.000000       106.000000    
   95.0000000      -155.000000    
   202.000000       186.000000    
  -248.000000       162.000000    
   187.000000       15.0000000    
  -559.000000       291.000000    
   238.000000       50.0000000    
   35.0000000       231.000000    
  -108.000000      -212.000000    
  -48.0000000       108.000000    
  -60.0000000       204.000000    
   345.000000      -267.000000    
  -11.0000000      -29.0000000    
   232.000000      -198.000000    
   13.0000000       45.0000000    
   50.0000000      -114.000000    
   213.000000       167.000000    
  -55.0000000       107.000000    
   52.0000000       42.0000000    
   179.000000      -9.00000000    
   141.000000      -65.0000000    
  -268.000000      -374.000000    
  -121.000000      -453.000000    
   46.0000000      -226.000000    
   111.000000      -179.000000    
  -159.000000      -257.000000    
  -38.0000000      -146.000000    
  -207.000000      -65.0000000    
   118.000000       238.000000    
   315.000000       573.000000    
   64.0000000       28.0000000    
   117.000000      -119.000000    
   198.000000       354.000000    
   119.000000      -121.000000    
  -182.000000       616.000000    
  -484.000000       182.000000    
   147.000000      -215.000000    
   295.000000      -287.000000    
  -87.0000000      -193.000000    
   268.000000       40.0000000    
  -52.0000000       218.000000    
   145.000000      -11.0000000    
  -315.000000      -147.000000    
   100.000000      -194.000000    
  -36.0000000      -324.000000    
   603.000000       581.000000    
  -117.000000      -51.0000000    
   608.000000       152.000000    
   462.000000      -184.000000    
   81.0000000      -315.000000    
  -249.000000       101.000000    
  -31.0000000      -131.000000    
   32.0000000       108.000000    
   30.0000000       318.000000    
  -48.0000000       54.0000000    
   140.000000       244.000000    
  -11.0000000      -223.000000    
   175.000000      -169.000000    
   138.000000       36.0000000    
   59.0000000      -135.000000    
  -206.000000      -206.000000    
  -137.000000      -581.000000    
  -608.000000       74.0000000    
  -203.000000      -95.0000000    
   413.000000       137.000000    
  -145.000000       183.000000    
   171.000000       309.000000    
   397.000000      -11.0000000    
   128.000000       156.000000    
   325.000000      -251.000000    
   494.000000      -184.000000    
   73.0000000       443.000000    
  -208.000000       226.000000    
   551.000000      -53.0000000    
  -160.000000      -480.000000    
  -134.000000       228.000000    
  -169.000000      -71.0000000    
   196.000000       378.000000    
   302.000000      -66.0000000    
   121.000000       577.000000    
  -51.0000000       71.0000000    
  -272.000000      -220.000000    
   82.0000000      -140.000000    
  -125.000000       15.0000000    
   5.00000000      -429.000000    
  -99.0000000       209.000000    
  -197.000000      -323.000000    
  -255.000000      -229.000000    
   381.000000      -211.000000    
   128.000000       66.0000000    
  -87.0000000       89.0000000    
   255.000000       69.0000000    
   326.000000      -202.000000    
  -532.000000       0.00000000    
   650.000000      -242.000000    
   199.000000       79.0000000    
  -197.000000       57.0000000    
   282.000000       4.00000000    
  -296.000000      -22.0000000    
   282.000000       44.0000000    
  -14.0000000       226.000000    
   4.00000000       36.0000000    
  -61.0000000       195.000000    
  -61.0000000       233.000000    
  -253.000000      -147.000000    
   107.000000      -213.000000    
   227.000000      -251.000000    
  -186.000000       264.000000    
  -129.000000       133.000000    
  -50.0000000       92.0000000    
  -591.000000       497.000000    
   27.0000000       419.000000    
  -13.0000000      -53.0000000    
   143.000000       233.000000    
   252.000000       94.0000000    
  -118.000000      -180.000000    
  -347.000000      -25.0000000    
  -33.0000000       129.000000    
   152.000000       304.000000    
   173.000000       255.000000    
   31.0000000      -201.000000    
  -73.0000000       425.000000    
   408.000000      -66.0000000    
   125.000000      -189.000000    
   136.000000       130.000000    
  -413.000000       175.000000    
  -61.0000000       195.000000    
   35.0000000      -309.000000    
  -159.000000      -67.0000000    
   141.000000       27.0000000    
  -219.000000       59.0000000    
   465.000000       267.000000    
  -153.000000       23.0000000    
   123.000000       23.0000000    
   171.000000      -83.0000000    
   239.000000      -9.00000000    
  -148.000000       356.000000    
  -211.000000       499.000000    
   40.0000000       2.00000000    
  -9.00000000      -57.0000000    
   61.0000000      -101.000000    
   217.000000      -61.0000000    
   317.000000       125.000000    
   464.000000      -74.0000000    
   283.000000      -73.0000000    
   324.000000      -172.000000    
   290.000000      -178.000000    
   250.000000      -248.000000    
   52.0000000       84.0000000    
  -216.000000      -488.000000    
   175.000000      -5.00000000    
  -122.000000      -280.000000    
  -202.000000       216.000000    
   336.000000      -148.000000    
  -114.000000       72.0000000    
  -153.000000       67.0000000    
   15.0000000      -27.0000000    
  -124.000000      -24.0000000    
   124.000000      -136.000000    
  -101.000000      -143.000000    
  -103.000000       403.000000    
  -246.000000      -482.000000    
   165.000000      -115.000000    
  -417.000000       29.0000000    
  -280.000000       196.000000    
   226.000000      -80.0000000    
   247.000000      -355.000000    
   39.0000000       339.000000    
  -194.000000       44.0000000    
   103.000000      -55.0000000    
   372.000000       242.000000    
  -161.000000       53.0000000    
  -413.000000       7.00000000    
  -228.000000       48.0000000    
  -119.000000      -35.0000000    
   153.000000       25.0000000    
  -113.000000       59.0000000    
  -449.000000      -159.000000    
